pid,condition,conditionType,status,totalTime,attemptsQuiz,attemptsQuiz2,age,gender,cheatTrials,testingTrials
0,0,flowchart,6,-,1,2,-,-,0,[]
1,0,flowchart,3,18.9,1,5,38,female,0,"[{""stateRewards"": ["""", 5, -5, 10, -5, -10, 10, -10, 10, 5, -10, -10, -5], ""trial_id"": 15, ""block"": ""testing"", ""trialIndex"": 1, ""score"": -5, ""expectedScore"": 0, ""expectedRewards"": 0, ""simulationMode"": [], ""rewards"": [], ""path"": [""0""], ""rt"": [], ""delays"": [], ""actions"": [], ""actionTimes"": [], ""queries"": {""preselect"": {""state"": {""target"": [], ""time"": []}, ""clickable"": {""target"": [], ""time"": []}}, ""click"": {""state"": {""target"": [""2"", ""6"", ""10"", ""9"", ""1""], ""time"": [22290, 24951, 33393, 39019, 43151]}, ""edge"": {""target"": [], ""time"": []}, ""clickable"": {""target"": [true, true, false, false, false], ""time"": [22295, 24958, 33397, 39025, 43156]}}, ""flowchart"": {""index"": {""target"": [], ""time"": []}, ""answer"": {""target"": [], ""time"": []}, ""correct"": {""target"": [], ""time"": []}, ""answer_stats"": {""total"": [], ""correct"": []}}, ""quiz_selection"": {""gt"": [], ""answer"": [], ""tp"": [], ""fp"": [], ""tn"": [], ""fn"": [], ""num_tp"": 0, ""num_fp"": 0, ""num_tn"": 0, ""num_fn"": 0}, ""mouseover"": {""state"": {""target"": [], ""time"": []}, ""edge"": {""target"": [], ""time"": []}}, ""mouseout"": {""state"": {""target"": [], ""time"": []}, ""edge"": {""target"": [], ""time"": []}}}, ""trialTime"": 54046, ""trial_type"": ""mouselab-mdp"", ""trial_index"": 16, ""time_elapsed"": 732545, ""internal_node_id"": ""0.0-4.0-1.0-0.0""}, {""stateRewards"": ["""", -5, 10, -10, -10, 5, 5, -5, 5, 10, 5, -5, -5], ""trial_id"": 55, ""block"": ""testing"", ""trialIndex"": 2, ""score"": -10, ""expectedScore"": 0, ""expectedRewards"": 0, ""simulationMode"": [], ""rewards"": [], ""path"": [""0""], ""rt"": [], ""delays"": [], ""actions"": [], ""actionTimes"": [], ""queries"": {""preselect"": {""state"": {""target"": [], ""time"": []}, ""clickable"": {""target"": [], ""time"": []}}, ""click"": {""state"": {""target"": [""2"", ""6"", ""10"", ""9"", ""5"", ""1"", ""12"", ""11"", ""4"", ""3""], ""time"": [17518, 18936, 20356, 21566, 23110, 24694, 32387, 34019, 35724, 37544]}, ""edge"": {""target"": [], ""time"": []}, ""clickable"": {""target"": [true, false, false, false, false, false, true, true, true, true], ""time"": [17523, 18941, 20361, 21572, 23115, 24699, 32393, 34025, 35729, 37553]}}, ""flowchart"": {""index"": {""target"": [], ""time"": []}, ""answer"": {""target"": [], ""time"": []}, ""correct"": {""target"": [], ""time"": []}, ""answer_stats"": {""total"": [], ""correct"": []}}, ""quiz_selection"": {""gt"": [], ""answer"": [], ""tp"": [], ""fp"": [], ""tn"": [], ""fn"": [], ""num_tp"": 0, ""num_fp"": 0, ""num_tn"": 0, ""num_fn"": 0}, ""mouseover"": {""state"": {""target"": [], ""time"": []}, ""edge"": {""target"": [], ""time"": []}}, ""mouseout"": {""state"": {""target"": [], ""time"": []}, ""edge"": {""target"": [], ""time"": []}}}, ""trialTime"": 42893, ""trial_type"": ""mouselab-mdp"", ""trial_index"": 17, ""time_elapsed"": 777106, ""internal_node_id"": ""0.0-4.0-1.0-1.0""}, {""stateRewards"": ["""", -5, -10, -5, -10, -10, -5, 10, -5, -10, 5, 10, -5], ""trial_id"": 57, ""block"": ""testing"", ""trialIndex"": 3, ""score"": -6, ""expectedScore"": 0, ""expectedRewards"": 0, ""simulationMode"": [], ""rewards"": [], ""path"": [""0""], ""rt"": [], ""delays"": [], ""actions"": [], ""actionTimes"": [], ""queries"": {""preselect"": {""state"": {""target"": [], ""time"": []}, ""clickable"": {""target"": [], ""time"": []}}, ""click"": {""state"": {""target"": [""2"", ""1"", ""5"", ""6"", ""10"", ""9""], ""time"": [8556, 9655, 10944, 12112, 13806, 17315]}, ""edge"": {""target"": [], ""time"": []}, ""clickable"": {""target"": [true, false, true, false, true, true], ""time"": [8560, 9662, 10949, 12118, 13811, 17321]}}, ""flowchart"": {""index"": {""target"": [], ""time"": []}, ""answer"": {""target"": [], ""time"": []}, ""correct"": {""target"": [], ""time"": []}, ""answer_stats"": {""total"": [], ""correct"": []}}, ""quiz_selection"": {""gt"": [], ""answer"": [], ""tp"": [], ""fp"": [], ""tn"": [], ""fn"": [], ""num_tp"": 0, ""num_fp"": 0, ""num_tn"": 0, ""num_fn"": 0}, ""mouseover"": {""state"": {""target"": [], ""time"": []}, ""edge"": {""target"": [], ""time"": []}}, ""mouseout"": {""state"": {""target"": [], ""time"": []}, ""edge"": {""target"": [], ""time"": []}}}, ""trialTime"": 24248, ""trial_type"": ""mouselab-mdp"", ""trial_index"": 18, ""time_elapsed"": 802988, ""internal_node_id"": ""0.0-4.0-1.0-2.0""}, {""stateRewards"": ["""", 5, -10, 5, -5, 5, -10, -5, 5, -10, 5, 10, -10], ""trial_id"": 8, ""block"": ""testing"", ""trialIndex"": 4, ""score"": -6, ""expectedScore"": 0, ""expectedRewards"": 0, ""simulationMode"": [], ""rewards"": [], ""path"": [""0""], ""rt"": [], ""delays"": [], ""actions"": [], ""actionTimes"": [], ""queries"": {""preselect"": {""state"": {""target"": [], ""time"": []}, ""clickable"": {""target"": [], ""time"": []}}, ""click"": {""state"": {""target"": [""2"", ""1"", ""5"", ""6"", ""10"", ""9""], ""time"": [11827, 13146, 14509, 15750, 16990, 18301]}, ""edge"": {""target"": [], ""time"": []}, ""clickable"": {""target"": [true, false, true, true, true, true], ""time"": [11832, 13151, 14515, 15756, 16995, 18306]}}, ""flowchart"": {""index"": {""target"": [], ""time"": []}, ""answer"": {""target"": [], ""time"": []}, ""correct"": {""target"": [], ""time"": []}, ""answer_stats"": {""total"": [], ""correct"": []}}, ""quiz_selection"": {""gt"": [], ""answer"": [], ""tp"": [], ""fp"": [], ""tn"": [], ""fn"": [], ""num_tp"": 0, ""num_fp"": 0, ""num_tn"": 0, ""num_fn"": 0}, ""mouseover"": {""state"": {""target"": [], ""time"": []}, ""edge"": {""target"": [], ""time"": []}}, ""mouseout"": {""state"": {""target"": [], ""time"": []}, ""edge"": {""target"": [], ""time"": []}}}, ""trialTime"": 25453, ""trial_type"": ""mouselab-mdp"", ""trial_index"": 19, ""time_elapsed"": 830080, ""internal_node_id"": ""0.0-4.0-1.0-3.0""}, {""stateRewards"": ["""", -5, -10, 10, -5, 10, -10, 10, 10, -5, 10, -5, -10], ""trial_id"": 40, ""block"": ""testing"", ""trialIndex"": 5, ""score"": -6, ""expectedScore"": 0, ""expectedRewards"": 0, ""simulationMode"": [], ""rewards"": [], ""path"": [""0""], ""rt"": [], ""delays"": [], ""actions"": [], ""actionTimes"": [], ""queries"": {""preselect"": {""state"": {""target"": [], ""time"": []}, ""clickable"": {""target"": [], ""time"": []}}, ""click"": {""state"": {""target"": [""2"", ""1"", ""6"", ""5"", ""10"", ""9""], ""time"": [6004, 7382, 8708, 10169, 11566, 12781]}, ""edge"": {""target"": [], ""time"": []}, ""clickable"": {""target"": [true, false, true, false, true, false], ""time"": [6008, 7386, 8713, 10174, 11571, 12786]}}, ""flowchart"": {""index"": {""target"": [], ""time"": []}, ""answer"": {""target"": [], ""time"": []}, ""correct"": {""target"": [], ""time"": []}, ""answer_stats"": {""total"": [], ""correct"": []}}, ""quiz_selection"": {""gt"": [], ""answer"": [], ""tp"": [], ""fp"": [], ""tn"": [], ""fn"": [], ""num_tp"": 0, ""num_fp"": 0, ""num_tn"": 0, ""num_fn"": 0}, ""mouseover"": {""state"": {""target"": [], ""time"": []}, ""edge"": {""target"": [], ""time"": []}}, ""mouseout"": {""state"": {""target"": [], ""time"": []}, ""edge"": {""target"": [], ""time"": []}}}, ""trialTime"": 17502, ""trial_type"": ""mouselab-mdp"", ""trial_index"": 20, ""time_elapsed"": 849309, ""internal_node_id"": ""0.0-4.0-1.0-4.0""}, {""stateRewards"": ["""", 5, -5, -10, 5, 5, 10, -10, 10, 5, 10, 10, -10], ""trial_id"": 48, ""block"": ""testing"", ""trialIndex"": 6, ""score"": -9, ""expectedScore"": 0, ""expectedRewards"": 0, ""simulationMode"": [], ""rewards"": [], ""path"": [""0""], ""rt"": [], ""delays"": [], ""actions"": [], ""actionTimes"": [], ""queries"": {""preselect"": {""state"": {""target"": [], ""time"": []}, ""clickable"": {""target"": [], ""time"": []}}, ""click"": {""state"": {""target"": [""2"", ""6"", ""10"", ""9"", ""5"", ""8"", ""7"", ""11"", ""12""], ""time"": [12959, 14185, 15366, 17025, 18413, 20124, 21548, 22968, 24141]}, ""edge"": {""target"": [], ""time"": []}, ""clickable"": {""target"": [true, true, false, false, false, true, true, true, true], ""time"": [12964, 14189, 15370, 17030, 18418, 20131, 21554, 22973, 24147]}}, ""flowchart"": {""index"": {""target"": [], ""time"": []}, ""answer"": {""target"": [], ""time"": []}, ""correct"": {""target"": [], ""time"": []}, ""answer_stats"": {""total"": [], ""correct"": []}}, ""quiz_selection"": {""gt"": [], ""answer"": [], ""tp"": [], ""fp"": [], ""tn"": [], ""fn"": [], ""num_tp"": 0, ""num_fp"": 0, ""num_tn"": 0, ""num_fn"": 0}, ""mouseover"": {""state"": {""target"": [], ""time"": []}, ""edge"": {""target"": [], ""time"": []}}, ""mouseout"": {""state"": {""target"": [], ""time"": []}, ""edge"": {""target"": [], ""time"": []}}}, ""trialTime"": 30807, ""trial_type"": ""mouselab-mdp"", ""trial_index"": 21, ""time_elapsed"": 881804, ""internal_node_id"": ""0.0-4.0-1.0-5.0""}, {""stateRewards"": ["""", 5, -10, -5, -10, 5, -10, -5, -10, 5, -10, -5, -5], ""trial_id"": 58, ""block"": ""testing"", ""trialIndex"": 7, ""score"": -6, ""expectedScore"": 0, ""expectedRewards"": 0, ""simulationMode"": [], ""rewards"": [], ""path"": [""0""], ""rt"": [], ""delays"": [], ""actions"": [], ""actionTimes"": [], ""queries"": {""preselect"": {""state"": {""target"": [], ""time"": []}, ""clickable"": {""target"": [], ""time"": []}}, ""click"": {""state"": {""target"": [""2"", ""1"", ""5"", ""6"", ""10"", ""9""], ""time"": [4944, 6407, 7720, 8812, 10333, 11765]}, ""edge"": {""target"": [], ""time"": []}, ""clickable"": {""target"": [true, false, true, true, true, false], ""time"": [4951, 6413, 7726, 8816, 10338, 11770]}}, ""flowchart"": {""index"": {""target"": [], ""time"": []}, ""answer"": {""target"": [], ""time"": []}, ""correct"": {""target"": [], ""time"": []}, ""answer_stats"": {""total"": [], ""correct"": []}}, ""quiz_selection"": {""gt"": [], ""answer"": [], ""tp"": [], ""fp"": [], ""tn"": [], ""fn"": [], ""num_tp"": 0, ""num_fp"": 0, ""num_tn"": 0, ""num_fn"": 0}, ""mouseover"": {""state"": {""target"": [], ""time"": []}, ""edge"": {""target"": [], ""time"": []}}, ""mouseout"": {""state"": {""target"": [], ""time"": []}, ""edge"": {""target"": [], ""time"": []}}}, ""trialTime"": 17876, ""trial_type"": ""mouselab-mdp"", ""trial_index"": 22, ""time_elapsed"": 901366, ""internal_node_id"": ""0.0-4.0-1.0-6.0""}, {""stateRewards"": ["""", 5, 10, 5, 10, -10, 10, -10, -10, -5, -10, -10, 10], ""trial_id"": 13, ""block"": ""testing"", ""trialIndex"": 8, ""score"": -8, ""expectedScore"": 0, ""expectedRewards"": 0, ""simulationMode"": [], ""rewards"": [], ""path"": [""0""], ""rt"": [], ""delays"": [], ""actions"": [], ""actionTimes"": [], ""queries"": {""preselect"": {""state"": {""target"": [], ""time"": []}, ""clickable"": {""target"": [], ""time"": []}}, ""click"": {""state"": {""target"": [""2"", ""1"", ""4"", ""3"", ""6"", ""5"", ""9"", ""10""], ""time"": [4438, 5630, 7127, 8483, 10138, 11808, 13466, 15028]}, ""edge"": {""target"": [], ""time"": []}, ""clickable"": {""target"": [true, false, true, true, false, false, false, false], ""time"": [4443, 5635, 7133, 8488, 10143, 11814, 13471, 15033]}}, ""flowchart"": {""index"": {""target"": [], ""time"": []}, ""answer"": {""target"": [], ""time"": []}, ""correct"": {""target"": [], ""time"": []}, ""answer_stats"": {""total"": [], ""correct"": []}}, ""quiz_selection"": {""gt"": [], ""answer"": [], ""tp"": [], ""fp"": [], ""tn"": [], ""fn"": [], ""num_tp"": 0, ""num_fp"": 0, ""num_tn"": 0, ""num_fn"": 0}, ""mouseover"": {""state"": {""target"": [], ""time"": []}, ""edge"": {""target"": [], ""time"": []}}, ""mouseout"": {""state"": {""target"": [], ""time"": []}, ""edge"": {""target"": [], ""time"": []}}}, ""trialTime"": 21017, ""trial_type"": ""mouselab-mdp"", ""trial_index"": 23, ""time_elapsed"": 924017, ""internal_node_id"": ""0.0-4.0-1.0-7.0""}, {""stateRewards"": ["""", 10, 10, 10, 10, -5, -5, 10, 10, -5, 10, -10, -10], ""trial_id"": 47, ""block"": ""testing"", ""trialIndex"": 9, ""score"": -10, ""expectedScore"": 0, ""expectedRewards"": 0, ""simulationMode"": [], ""rewards"": [], ""path"": [""0""], ""rt"": [], ""delays"": [], ""actions"": [], ""actionTimes"": [], ""queries"": {""preselect"": {""state"": {""target"": [], ""time"": []}, ""clickable"": {""target"": [], ""time"": []}}, ""click"": {""state"": {""target"": [""2"", ""1"", ""5"", ""6"", ""10"", ""9"", ""3"", ""4"", ""11"", ""12""], ""time"": [8290, 9701, 11185, 12348, 13731, 14968, 16824, 18013, 19180, 20135]}, ""edge"": {""target"": [], ""time"": []}, ""clickable"": {""target"": [true, false, false, false, false, false, true, true, true, true], ""time"": [8294, 9707, 11191, 12353, 13735, 14973, 16829, 18018, 19185, 20141]}}, ""flowchart"": {""index"": {""target"": [], ""time"": []}, ""answer"": {""target"": [], ""time"": []}, ""correct"": {""target"": [], ""time"": []}, ""answer_stats"": {""total"": [], ""correct"": []}}, ""quiz_selection"": {""gt"": [], ""answer"": [], ""tp"": [], ""fp"": [], ""tn"": [], ""fn"": [], ""num_tp"": 0, ""num_fp"": 0, ""num_tn"": 0, ""num_fn"": 0}, ""mouseover"": {""state"": {""target"": [], ""time"": []}, ""edge"": {""target"": [], ""time"": []}}, ""mouseout"": {""state"": {""target"": [], ""time"": []}, ""edge"": {""target"": [], ""time"": []}}}, ""trialTime"": 25288, ""trial_type"": ""mouselab-mdp"", ""trial_index"": 24, ""time_elapsed"": 950973, ""internal_node_id"": ""0.0-4.0-1.0-8.0""}, {""stateRewards"": ["""", -10, -10, -10, -5, 10, 5, -10, 10, 10, -5, -5, 5], ""trial_id"": 20, ""block"": ""testing"", ""trialIndex"": 10, ""score"": -6, ""expectedScore"": 0, ""expectedRewards"": 0, ""simulationMode"": [], ""rewards"": [], ""path"": [""0""], ""rt"": [], ""delays"": [], ""actions"": [], ""actionTimes"": [], ""queries"": {""preselect"": {""state"": {""target"": [], ""time"": []}, ""clickable"": {""target"": [], ""time"": []}}, ""click"": {""state"": {""target"": [""2"", ""1"", ""5"", ""6"", ""10"", ""9""], ""time"": [4322, 6553, 7869, 9380, 11077, 12525]}, ""edge"": {""target"": [], ""time"": []}, ""clickable"": {""target"": [true, false, true, false, false, false], ""time"": [4327, 6557, 7874, 9386, 11081, 12530]}}, ""flowchart"": {""index"": {""target"": [], ""time"": []}, ""answer"": {""target"": [], ""time"": []}, ""correct"": {""target"": [], ""time"": []}, ""answer_stats"": {""total"": [], ""correct"": []}}, ""quiz_selection"": {""gt"": [], ""answer"": [], ""tp"": [], ""fp"": [], ""tn"": [], ""fn"": [], ""num_tp"": 0, ""num_fp"": 0, ""num_tn"": 0, ""num_fn"": 0}, ""mouseover"": {""state"": {""target"": [], ""time"": []}, ""edge"": {""target"": [], ""time"": []}}, ""mouseout"": {""state"": {""target"": [], ""time"": []}, ""edge"": {""target"": [], ""time"": []}}}, ""trialTime"": 20433, ""trial_type"": ""mouselab-mdp"", ""trial_index"": 25, ""time_elapsed"": 973076, ""internal_node_id"": ""0.0-4.0-1.0-9.0""}]"
2,0,flowchart,4,11.7,1,1,28,Male,0,"[{""stateRewards"": ["""", 10, 5, -5, -5, 5, 5, 10, 10, 5, -5, -5, -5], ""trial_id"": 56, ""block"": ""testing"", ""trialIndex"": 1, ""score"": -4, ""expectedScore"": 0, ""expectedRewards"": 0, ""simulationMode"": [], ""rewards"": [], ""path"": [""0""], ""rt"": [], ""delays"": [], ""actions"": [], ""actionTimes"": [], ""queries"": {""preselect"": {""state"": {""target"": [], ""time"": []}, ""clickable"": {""target"": [], ""time"": []}}, ""click"": {""state"": {""target"": [""9"", ""10"", ""5"", ""6""], ""time"": [17735, 23469, 33937, 37041]}, ""edge"": {""target"": [], ""time"": []}, ""clickable"": {""target"": [true, true, true, true], ""time"": [17736, 23470, 33938, 37042]}}, ""flowchart"": {""index"": {""target"": [], ""time"": []}, ""answer"": {""target"": [], ""time"": []}, ""correct"": {""target"": [], ""time"": []}, ""answer_stats"": {""total"": [], ""correct"": []}}, ""quiz_selection"": {""gt"": [], ""answer"": [], ""tp"": [], ""fp"": [], ""tn"": [], ""fn"": [], ""num_tp"": 0, ""num_fp"": 0, ""num_tn"": 0, ""num_fn"": 0}, ""mouseover"": {""state"": {""target"": [], ""time"": []}, ""edge"": {""target"": [], ""time"": []}}, ""mouseout"": {""state"": {""target"": [], ""time"": []}, ""edge"": {""target"": [], ""time"": []}}}, ""trialTime"": 64417, ""trial_type"": ""mouselab-mdp"", ""trial_index"": 8, ""time_elapsed"": 344872, ""internal_node_id"": ""0.0-4.0-1.0-0.0""}, {""stateRewards"": ["""", 5, -10, -5, -10, 5, -10, -5, -10, 5, -10, -5, -5], ""trial_id"": 58, ""block"": ""testing"", ""trialIndex"": 2, ""score"": -6, ""expectedScore"": 0, ""expectedRewards"": 0, ""simulationMode"": [], ""rewards"": [], ""path"": [""0""], ""rt"": [], ""delays"": [], ""actions"": [], ""actionTimes"": [], ""queries"": {""preselect"": {""state"": {""target"": [], ""time"": []}, ""clickable"": {""target"": [], ""time"": []}}, ""click"": {""state"": {""target"": [""9"", ""10"", ""5"", ""6"", ""1"", ""2""], ""time"": [8612, 10250, 12511, 14091, 17992, 19354]}, ""edge"": {""target"": [], ""time"": []}, ""clickable"": {""target"": [true, true, true, true, true, true], ""time"": [8613, 10251, 12512, 14092, 17992, 19355]}}, ""flowchart"": {""index"": {""target"": [], ""time"": []}, ""answer"": {""target"": [], ""time"": []}, ""correct"": {""target"": [], ""time"": []}, ""answer_stats"": {""total"": [], ""correct"": []}}, ""quiz_selection"": {""gt"": [], ""answer"": [], ""tp"": [], ""fp"": [], ""tn"": [], ""fn"": [], ""num_tp"": 0, ""num_fp"": 0, ""num_tn"": 0, ""num_fn"": 0}, ""mouseover"": {""state"": {""target"": [], ""time"": []}, ""edge"": {""target"": [], ""time"": []}}, ""mouseout"": {""state"": {""target"": [], ""time"": []}, ""edge"": {""target"": [], ""time"": []}}}, ""trialTime"": 32889, ""trial_type"": ""mouselab-mdp"", ""trial_index"": 9, ""time_elapsed"": 379299, ""internal_node_id"": ""0.0-4.0-1.0-1.0""}, {""stateRewards"": ["""", 10, 5, 5, 10, 10, 10, 5, -5, 5, 10, 5, 5], ""trial_id"": 28, ""block"": ""testing"", ""trialIndex"": 3, ""score"": -4, ""expectedScore"": 0, ""expectedRewards"": 0, ""simulationMode"": [], ""rewards"": [], ""path"": [""0""], ""rt"": [], ""delays"": [], ""actions"": [], ""actionTimes"": [], ""queries"": {""preselect"": {""state"": {""target"": [], ""time"": []}, ""clickable"": {""target"": [], ""time"": []}}, ""click"": {""state"": {""target"": [""9"", ""10"", ""11"", ""12""], ""time"": [9470, 10922, 23185, 28009]}, ""edge"": {""target"": [], ""time"": []}, ""clickable"": {""target"": [true, true, true, true], ""time"": [9471, 10923, 23186, 28009]}}, ""flowchart"": {""index"": {""target"": [], ""time"": []}, ""answer"": {""target"": [], ""time"": []}, ""correct"": {""target"": [], ""time"": []}, ""answer_stats"": {""total"": [], ""correct"": []}}, ""quiz_selection"": {""gt"": [], ""answer"": [], ""tp"": [], ""fp"": [], ""tn"": [], ""fn"": [], ""num_tp"": 0, ""num_fp"": 0, ""num_tn"": 0, ""num_fn"": 0}, ""mouseover"": {""state"": {""target"": [], ""time"": []}, ""edge"": {""target"": [], ""time"": []}}, ""mouseout"": {""state"": {""target"": [], ""time"": []}, ""edge"": {""target"": [], ""time"": []}}}, ""trialTime"": 33916, ""trial_type"": ""mouselab-mdp"", ""trial_index"": 10, ""time_elapsed"": 414380, ""internal_node_id"": ""0.0-4.0-1.0-2.0""}, {""stateRewards"": ["""", -5, -10, 10, 5, -5, -10, 10, 10, 10, -5, -10, -5], ""trial_id"": 27, ""block"": ""testing"", ""trialIndex"": 4, ""score"": -3, ""expectedScore"": 0, ""expectedRewards"": 0, ""simulationMode"": [], ""rewards"": [], ""path"": [""0""], ""rt"": [], ""delays"": [], ""actions"": [], ""actionTimes"": [], ""queries"": {""preselect"": {""state"": {""target"": [], ""time"": []}, ""clickable"": {""target"": [], ""time"": []}}, ""click"": {""state"": {""target"": [""9"", ""12"", ""11""], ""time"": [6966, 20583, 22447]}, ""edge"": {""target"": [], ""time"": []}, ""clickable"": {""target"": [true, true, true], ""time"": [6967, 20584, 22448]}}, ""flowchart"": {""index"": {""target"": [], ""time"": []}, ""answer"": {""target"": [], ""time"": []}, ""correct"": {""target"": [], ""time"": []}, ""answer_stats"": {""total"": [], ""correct"": []}}, ""quiz_selection"": {""gt"": [], ""answer"": [], ""tp"": [], ""fp"": [], ""tn"": [], ""fn"": [], ""num_tp"": 0, ""num_fp"": 0, ""num_tn"": 0, ""num_fn"": 0}, ""mouseover"": {""state"": {""target"": [], ""time"": []}, ""edge"": {""target"": [], ""time"": []}}, ""mouseout"": {""state"": {""target"": [], ""time"": []}, ""edge"": {""target"": [], ""time"": []}}}, ""trialTime"": 28592, ""trial_type"": ""mouselab-mdp"", ""trial_index"": 11, ""time_elapsed"": 444143, ""internal_node_id"": ""0.0-4.0-1.0-3.0""}, {""stateRewards"": ["""", 10, -5, 5, 10, 5, -5, -5, 5, -10, 10, 5, 10], ""trial_id"": 44, ""block"": ""testing"", ""trialIndex"": 5, ""score"": -6, ""expectedScore"": 0, ""expectedRewards"": 0, ""simulationMode"": [], ""rewards"": [], ""path"": [""0""], ""rt"": [], ""delays"": [], ""actions"": [], ""actionTimes"": [], ""queries"": {""preselect"": {""state"": {""target"": [], ""time"": []}, ""clickable"": {""target"": [], ""time"": []}}, ""click"": {""state"": {""target"": [""9"", ""5"", ""6"", ""1"", ""4"", ""3""], ""time"": [5340, 7568, 9271, 12334, 20928, 25126]}, ""edge"": {""target"": [], ""time"": []}, ""clickable"": {""target"": [true, true, true, true, true, true], ""time"": [5341, 7569, 9271, 12335, 20928, 25127]}}, ""flowchart"": {""index"": {""target"": [], ""time"": []}, ""answer"": {""target"": [], ""time"": []}, ""correct"": {""target"": [], ""time"": []}, ""answer_stats"": {""total"": [], ""correct"": []}}, ""quiz_selection"": {""gt"": [], ""answer"": [], ""tp"": [], ""fp"": [], ""tn"": [], ""fn"": [], ""num_tp"": 0, ""num_fp"": 0, ""num_tn"": 0, ""num_fn"": 0}, ""mouseover"": {""state"": {""target"": [], ""time"": []}, ""edge"": {""target"": [], ""time"": []}}, ""mouseout"": {""state"": {""target"": [], ""time"": []}, ""edge"": {""target"": [], ""time"": []}}}, ""trialTime"": 31470, ""trial_type"": ""mouselab-mdp"", ""trial_index"": 12, ""time_elapsed"": 476780, ""internal_node_id"": ""0.0-4.0-1.0-4.0""}, {""stateRewards"": ["""", 5, 10, 5, 10, -10, 10, -10, -10, -5, -10, -10, 10], ""trial_id"": 13, ""block"": ""testing"", ""trialIndex"": 6, ""score"": -6, ""expectedScore"": 0, ""expectedRewards"": 0, ""simulationMode"": [], ""rewards"": [], ""path"": [""0""], ""rt"": [], ""delays"": [], ""actions"": [], ""actionTimes"": [], ""queries"": {""preselect"": {""state"": {""target"": [], ""time"": []}, ""clickable"": {""target"": [], ""time"": []}}, ""click"": {""state"": {""target"": [""9"", ""5"", ""1"", ""2"", ""4"", ""3""], ""time"": [7029, 8723, 10563, 13846, 19225, 22661]}, ""edge"": {""target"": [], ""time"": []}, ""clickable"": {""target"": [true, true, true, true, true, true], ""time"": [7030, 8724, 10564, 13847, 19225, 22662]}}, ""flowchart"": {""index"": {""target"": [], ""time"": []}, ""answer"": {""target"": [], ""time"": []}, ""correct"": {""target"": [], ""time"": []}, ""answer_stats"": {""total"": [], ""correct"": []}}, ""quiz_selection"": {""gt"": [], ""answer"": [], ""tp"": [], ""fp"": [], ""tn"": [], ""fn"": [], ""num_tp"": 0, ""num_fp"": 0, ""num_tn"": 0, ""num_fn"": 0}, ""mouseover"": {""state"": {""target"": [], ""time"": []}, ""edge"": {""target"": [], ""time"": []}}, ""mouseout"": {""state"": {""target"": [], ""time"": []}, ""edge"": {""target"": [], ""time"": []}}}, ""trialTime"": 28878, ""trial_type"": ""mouselab-mdp"", ""trial_index"": 13, ""time_elapsed"": 506878, ""internal_node_id"": ""0.0-4.0-1.0-5.0""}, {""stateRewards"": ["""", -5, -10, -5, 5, 5, 5, -5, 5, 10, 10, -5, -5], ""trial_id"": 50, ""block"": ""testing"", ""trialIndex"": 7, ""score"": -3, ""expectedScore"": 0, ""expectedRewards"": 0, ""simulationMode"": [], ""rewards"": [], ""path"": [""0""], ""rt"": [], ""delays"": [], ""actions"": [], ""actionTimes"": [], ""queries"": {""preselect"": {""state"": {""target"": [], ""time"": []}, ""clickable"": {""target"": [], ""time"": []}}, ""click"": {""state"": {""target"": [""9"", ""12"", ""11""], ""time"": [5409, 12541, 15175]}, ""edge"": {""target"": [], ""time"": []}, ""clickable"": {""target"": [true, true, true], ""time"": [5410, 12542, 15176]}}, ""flowchart"": {""index"": {""target"": [], ""time"": []}, ""answer"": {""target"": [], ""time"": []}, ""correct"": {""target"": [], ""time"": []}, ""answer_stats"": {""total"": [], ""correct"": []}}, ""quiz_selection"": {""gt"": [], ""answer"": [], ""tp"": [], ""fp"": [], ""tn"": [], ""fn"": [], ""num_tp"": 0, ""num_fp"": 0, ""num_tn"": 0, ""num_fn"": 0}, ""mouseover"": {""state"": {""target"": [], ""time"": []}, ""edge"": {""target"": [], ""time"": []}}, ""mouseout"": {""state"": {""target"": [], ""time"": []}, ""edge"": {""target"": [], ""time"": []}}}, ""trialTime"": 20981, ""trial_type"": ""mouselab-mdp"", ""trial_index"": 14, ""time_elapsed"": 529029, ""internal_node_id"": ""0.0-4.0-1.0-6.0""}, {""stateRewards"": ["""", -5, 5, -10, 5, -5, -5, 5, -5, 5, -10, 10, 5], ""trial_id"": 45, ""block"": ""testing"", ""trialIndex"": 8, ""score"": -5, ""expectedScore"": 0, ""expectedRewards"": 0, ""simulationMode"": [], ""rewards"": [], ""path"": [""0""], ""rt"": [], ""delays"": [], ""actions"": [], ""actionTimes"": [], ""queries"": {""preselect"": {""state"": {""target"": [], ""time"": []}, ""clickable"": {""target"": [], ""time"": []}}, ""click"": {""state"": {""target"": [""9"", ""10"", ""5"", ""1"", ""2""], ""time"": [9474, 11451, 13210, 15294, 17840]}, ""edge"": {""target"": [], ""time"": []}, ""clickable"": {""target"": [true, true, true, true, true], ""time"": [9474, 11452, 13211, 15295, 17840]}}, ""flowchart"": {""index"": {""target"": [], ""time"": []}, ""answer"": {""target"": [], ""time"": []}, ""correct"": {""target"": [], ""time"": []}, ""answer_stats"": {""total"": [], ""correct"": []}}, ""quiz_selection"": {""gt"": [], ""answer"": [], ""tp"": [], ""fp"": [], ""tn"": [], ""fn"": [], ""num_tp"": 0, ""num_fp"": 0, ""num_tn"": 0, ""num_fn"": 0}, ""mouseover"": {""state"": {""target"": [], ""time"": []}, ""edge"": {""target"": [], ""time"": []}}, ""mouseout"": {""state"": {""target"": [], ""time"": []}, ""edge"": {""target"": [], ""time"": []}}}, ""trialTime"": 30966, ""trial_type"": ""mouselab-mdp"", ""trial_index"": 15, ""time_elapsed"": 561161, ""internal_node_id"": ""0.0-4.0-1.0-7.0""}, {""stateRewards"": ["""", 10, -5, 5, -5, 10, 5, 10, 5, -10, -10, 5, -10], ""trial_id"": 11, ""block"": ""testing"", ""trialIndex"": 9, ""score"": -4, ""expectedScore"": 0, ""expectedRewards"": 0, ""simulationMode"": [], ""rewards"": [], ""path"": [""0""], ""rt"": [], ""delays"": [], ""actions"": [], ""actionTimes"": [], ""queries"": {""preselect"": {""state"": {""target"": [], ""time"": []}, ""clickable"": {""target"": [], ""time"": []}}, ""click"": {""state"": {""target"": [""9"", ""5"", ""7"", ""8""], ""time"": [7849, 9129, 15371, 17746]}, ""edge"": {""target"": [], ""time"": []}, ""clickable"": {""target"": [true, true, true, true], ""time"": [7850, 9130, 15372, 17747]}}, ""flowchart"": {""index"": {""target"": [], ""time"": []}, ""answer"": {""target"": [], ""time"": []}, ""correct"": {""target"": [], ""time"": []}, ""answer_stats"": {""total"": [], ""correct"": []}}, ""quiz_selection"": {""gt"": [], ""answer"": [], ""tp"": [], ""fp"": [], ""tn"": [], ""fn"": [], ""num_tp"": 0, ""num_fp"": 0, ""num_tn"": 0, ""num_fn"": 0}, ""mouseover"": {""state"": {""target"": [], ""time"": []}, ""edge"": {""target"": [], ""time"": []}}, ""mouseout"": {""state"": {""target"": [], ""time"": []}, ""edge"": {""target"": [], ""time"": []}}}, ""trialTime"": 24187, ""trial_type"": ""mouselab-mdp"", ""trial_index"": 16, ""time_elapsed"": 586507, ""internal_node_id"": ""0.0-4.0-1.0-8.0""}, {""stateRewards"": ["""", -10, 10, 10, 5, -10, -10, 10, 5, -5, 5, 10, -10], ""trial_id"": 34, ""block"": ""testing"", ""trialIndex"": 10, ""score"": -4, ""expectedScore"": 0, ""expectedRewards"": 0, ""simulationMode"": [], ""rewards"": [], ""path"": [""0""], ""rt"": [], ""delays"": [], ""actions"": [], ""actionTimes"": [], ""queries"": {""preselect"": {""state"": {""target"": [], ""time"": []}, ""clickable"": {""target"": [], ""time"": []}}, ""click"": {""state"": {""target"": [""9"", ""5"", ""1"", ""10""], ""time"": [4990, 6569, 7907, 12853]}, ""edge"": {""target"": [], ""time"": []}, ""clickable"": {""target"": [true, true, true, true], ""time"": [4991, 6570, 7908, 12854]}}, ""flowchart"": {""index"": {""target"": [], ""time"": []}, ""answer"": {""target"": [], ""time"": []}, ""correct"": {""target"": [], ""time"": []}, ""answer_stats"": {""total"": [], ""correct"": []}}, ""quiz_selection"": {""gt"": [], ""answer"": [], ""tp"": [], ""fp"": [], ""tn"": [], ""fn"": [], ""num_tp"": 0, ""num_fp"": 0, ""num_tn"": 0, ""num_fn"": 0}, ""mouseover"": {""state"": {""target"": [], ""time"": []}, ""edge"": {""target"": [], ""time"": []}}, ""mouseout"": {""state"": {""target"": [], ""time"": []}, ""edge"": {""target"": [], ""time"": []}}}, ""trialTime"": 21859, ""trial_type"": ""mouselab-mdp"", ""trial_index"": 17, ""time_elapsed"": 609535, ""internal_node_id"": ""0.0-4.0-1.0-9.0""}]"
3,0,flowchart,4,8.7,1,1,18,Female,0,"[{""stateRewards"": ["""", 5, -5, -10, 5, 5, 10, -10, 10, 5, 10, 10, -10], ""trial_id"": 48, ""block"": ""testing"", ""trialIndex"": 1, ""score"": -4, ""expectedScore"": 0, ""expectedRewards"": 0, ""simulationMode"": [], ""rewards"": [], ""path"": [""0""], ""rt"": [], ""delays"": [], ""actions"": [], ""actionTimes"": [], ""queries"": {""preselect"": {""state"": {""target"": [], ""time"": []}, ""clickable"": {""target"": [], ""time"": []}}, ""click"": {""state"": {""target"": [""9"", ""10"", ""12"", ""11""], ""time"": [13667, 20983, 26347, 27573]}, ""edge"": {""target"": [], ""time"": []}, ""clickable"": {""target"": [true, true, true, true], ""time"": [13670, 20986, 26349, 27575]}}, ""flowchart"": {""index"": {""target"": [], ""time"": []}, ""answer"": {""target"": [], ""time"": []}, ""correct"": {""target"": [], ""time"": []}, ""answer_stats"": {""total"": [], ""correct"": []}}, ""quiz_selection"": {""gt"": [], ""answer"": [], ""tp"": [], ""fp"": [], ""tn"": [], ""fn"": [], ""num_tp"": 0, ""num_fp"": 0, ""num_tn"": 0, ""num_fn"": 0}, ""mouseover"": {""state"": {""target"": [], ""time"": []}, ""edge"": {""target"": [], ""time"": []}}, ""mouseout"": {""state"": {""target"": [], ""time"": []}, ""edge"": {""target"": [], ""time"": []}}}, ""trialTime"": 34112, ""trial_type"": ""mouselab-mdp"", ""trial_index"": 8, ""time_elapsed"": 253782, ""internal_node_id"": ""0.0-4.0-1.0-0.0""}, {""stateRewards"": ["""", -10, 10, 10, -5, 10, -10, 5, 10, -5, 5, 5, -10], ""trial_id"": 49, ""block"": ""testing"", ""trialIndex"": 2, ""score"": -4, ""expectedScore"": 0, ""expectedRewards"": 0, ""simulationMode"": [], ""rewards"": [], ""path"": [""0""], ""rt"": [], ""delays"": [], ""actions"": [], ""actionTimes"": [], ""queries"": {""preselect"": {""state"": {""target"": [], ""time"": []}, ""clickable"": {""target"": [], ""time"": []}}, ""click"": {""state"": {""target"": [""9"", ""5"", ""8"", ""7""], ""time"": [3317, 5006, 22045, 28317]}, ""edge"": {""target"": [], ""time"": []}, ""clickable"": {""target"": [true, true, true, true], ""time"": [3320, 5009, 22048, 28319]}}, ""flowchart"": {""index"": {""target"": [], ""time"": []}, ""answer"": {""target"": [], ""time"": []}, ""correct"": {""target"": [], ""time"": []}, ""answer_stats"": {""total"": [], ""correct"": []}}, ""quiz_selection"": {""gt"": [], ""answer"": [], ""tp"": [], ""fp"": [], ""tn"": [], ""fn"": [], ""num_tp"": 0, ""num_fp"": 0, ""num_tn"": 0, ""num_fn"": 0}, ""mouseover"": {""state"": {""target"": [], ""time"": []}, ""edge"": {""target"": [], ""time"": []}}, ""mouseout"": {""state"": {""target"": [], ""time"": []}, ""edge"": {""target"": [], ""time"": []}}}, ""trialTime"": 34416, ""trial_type"": ""mouselab-mdp"", ""trial_index"": 9, ""time_elapsed"": 289411, ""internal_node_id"": ""0.0-4.0-1.0-1.0""}, {""stateRewards"": ["""", -5, -5, 5, -10, 10, -5, -5, -10, -10, -5, 5, -5], ""trial_id"": 22, ""block"": ""testing"", ""trialIndex"": 3, ""score"": -4, ""expectedScore"": 0, ""expectedRewards"": 0, ""simulationMode"": [], ""rewards"": [], ""path"": [""0""], ""rt"": [], ""delays"": [], ""actions"": [], ""actionTimes"": [], ""queries"": {""preselect"": {""state"": {""target"": [], ""time"": []}, ""clickable"": {""target"": [], ""time"": []}}, ""click"": {""state"": {""target"": [""9"", ""5"", ""8"", ""7""], ""time"": [3555, 6477, 11608, 12315]}, ""edge"": {""target"": [], ""time"": []}, ""clickable"": {""target"": [true, true, true, true], ""time"": [3557, 6479, 11610, 12318]}}, ""flowchart"": {""index"": {""target"": [], ""time"": []}, ""answer"": {""target"": [], ""time"": []}, ""correct"": {""target"": [], ""time"": []}, ""answer_stats"": {""total"": [], ""correct"": []}}, ""quiz_selection"": {""gt"": [], ""answer"": [], ""tp"": [], ""fp"": [], ""tn"": [], ""fn"": [], ""num_tp"": 0, ""num_fp"": 0, ""num_tn"": 0, ""num_fn"": 0}, ""mouseover"": {""state"": {""target"": [], ""time"": []}, ""edge"": {""target"": [], ""time"": []}}, ""mouseout"": {""state"": {""target"": [], ""time"": []}, ""edge"": {""target"": [], ""time"": []}}}, ""trialTime"": 24190, ""trial_type"": ""mouselab-mdp"", ""trial_index"": 10, ""time_elapsed"": 314845, ""internal_node_id"": ""0.0-4.0-1.0-2.0""}, {""stateRewards"": ["""", 10, -5, -10, 10, -10, 10, 5, -5, -5, -5, 10, -5], ""trial_id"": 31, ""block"": ""testing"", ""trialIndex"": 4, ""score"": -5, ""expectedScore"": 0, ""expectedRewards"": 0, ""simulationMode"": [], ""rewards"": [], ""path"": [""0""], ""rt"": [], ""delays"": [], ""actions"": [], ""actionTimes"": [], ""queries"": {""preselect"": {""state"": {""target"": [], ""time"": []}, ""clickable"": {""target"": [], ""time"": []}}, ""click"": {""state"": {""target"": [""5"", ""9"", ""1"", ""4"", ""3""], ""time"": [3173, 5523, 8547, 19481, 23059]}, ""edge"": {""target"": [], ""time"": []}, ""clickable"": {""target"": [true, true, true, true, true], ""time"": [3176, 5525, 8549, 19483, 23061]}}, ""flowchart"": {""index"": {""target"": [], ""time"": []}, ""answer"": {""target"": [], ""time"": []}, ""correct"": {""target"": [], ""time"": []}, ""answer_stats"": {""total"": [], ""correct"": []}}, ""quiz_selection"": {""gt"": [], ""answer"": [], ""tp"": [], ""fp"": [], ""tn"": [], ""fn"": [], ""num_tp"": 0, ""num_fp"": 0, ""num_tn"": 0, ""num_fn"": 0}, ""mouseover"": {""state"": {""target"": [], ""time"": []}, ""edge"": {""target"": [], ""time"": []}}, ""mouseout"": {""state"": {""target"": [], ""time"": []}, ""edge"": {""target"": [], ""time"": []}}}, ""trialTime"": 30630, ""trial_type"": ""mouselab-mdp"", ""trial_index"": 11, ""time_elapsed"": 346737, ""internal_node_id"": ""0.0-4.0-1.0-3.0""}, {""stateRewards"": ["""", 10, 10, 10, 10, 5, 5, 10, 5, -5, 5, 5, 5], ""trial_id"": 18, ""block"": ""testing"", ""trialIndex"": 5, ""score"": -2, ""expectedScore"": 0, ""expectedRewards"": 0, ""simulationMode"": [], ""rewards"": [], ""path"": [""0""], ""rt"": [], ""delays"": [], ""actions"": [], ""actionTimes"": [], ""queries"": {""preselect"": {""state"": {""target"": [], ""time"": []}, ""clickable"": {""target"": [], ""time"": []}}, ""click"": {""state"": {""target"": [""5"", ""6""], ""time"": [4400, 9754]}, ""edge"": {""target"": [], ""time"": []}, ""clickable"": {""target"": [true, true], ""time"": [4402, 9756]}}, ""flowchart"": {""index"": {""target"": [], ""time"": []}, ""answer"": {""target"": [], ""time"": []}, ""correct"": {""target"": [], ""time"": []}, ""answer_stats"": {""total"": [], ""correct"": []}}, ""quiz_selection"": {""gt"": [], ""answer"": [], ""tp"": [], ""fp"": [], ""tn"": [], ""fn"": [], ""num_tp"": 0, ""num_fp"": 0, ""num_tn"": 0, ""num_fn"": 0}, ""mouseover"": {""state"": {""target"": [], ""time"": []}, ""edge"": {""target"": [], ""time"": []}}, ""mouseout"": {""state"": {""target"": [], ""time"": []}, ""edge"": {""target"": [], ""time"": []}}}, ""trialTime"": 18468, ""trial_type"": ""mouselab-mdp"", ""trial_index"": 12, ""time_elapsed"": 366456, ""internal_node_id"": ""0.0-4.0-1.0-4.0""}, {""stateRewards"": ["""", 5, -5, -10, -5, 10, 5, 5, 5, -10, -10, -10, 5], ""trial_id"": 12, ""block"": ""testing"", ""trialIndex"": 6, ""score"": -3, ""expectedScore"": 0, ""expectedRewards"": 0, ""simulationMode"": [], ""rewards"": [], ""path"": [""0""], ""rt"": [], ""delays"": [], ""actions"": [], ""actionTimes"": [], ""queries"": {""preselect"": {""state"": {""target"": [], ""time"": []}, ""clickable"": {""target"": [], ""time"": []}}, ""click"": {""state"": {""target"": [""5"", ""7"", ""8""], ""time"": [2847, 10804, 12253]}, ""edge"": {""target"": [], ""time"": []}, ""clickable"": {""target"": [true, true, true], ""time"": [2850, 10807, 12256]}}, ""flowchart"": {""index"": {""target"": [], ""time"": []}, ""answer"": {""target"": [], ""time"": []}, ""correct"": {""target"": [], ""time"": []}, ""answer_stats"": {""total"": [], ""correct"": []}}, ""quiz_selection"": {""gt"": [], ""answer"": [], ""tp"": [], ""fp"": [], ""tn"": [], ""fn"": [], ""num_tp"": 0, ""num_fp"": 0, ""num_tn"": 0, ""num_fn"": 0}, ""mouseover"": {""state"": {""target"": [], ""time"": []}, ""edge"": {""target"": [], ""time"": []}}, ""mouseout"": {""state"": {""target"": [], ""time"": []}, ""edge"": {""target"": [], ""time"": []}}}, ""trialTime"": 17638, ""trial_type"": ""mouselab-mdp"", ""trial_index"": 13, ""time_elapsed"": 385343, ""internal_node_id"": ""0.0-4.0-1.0-5.0""}, {""stateRewards"": ["""", -10, -10, 5, -10, -10, 5, -10, -10, -5, 10, 10, 5], ""trial_id"": 26, ""block"": ""testing"", ""trialIndex"": 7, ""score"": -6, ""expectedScore"": 0, ""expectedRewards"": 0, ""simulationMode"": [], ""rewards"": [], ""path"": [""0""], ""rt"": [], ""delays"": [], ""actions"": [], ""actionTimes"": [], ""queries"": {""preselect"": {""state"": {""target"": [], ""time"": []}, ""clickable"": {""target"": [], ""time"": []}}, ""click"": {""state"": {""target"": [""5"", ""9"", ""1"", ""10"", ""11"", ""12""], ""time"": [3707, 6688, 8227, 12145, 15865, 17744]}, ""edge"": {""target"": [], ""time"": []}, ""clickable"": {""target"": [true, true, true, true, true, true], ""time"": [3710, 6690, 8229, 12147, 15868, 17745]}}, ""flowchart"": {""index"": {""target"": [], ""time"": []}, ""answer"": {""target"": [], ""time"": []}, ""correct"": {""target"": [], ""time"": []}, ""answer_stats"": {""total"": [], ""correct"": []}}, ""quiz_selection"": {""gt"": [], ""answer"": [], ""tp"": [], ""fp"": [], ""tn"": [], ""fn"": [], ""num_tp"": 0, ""num_fp"": 0, ""num_tn"": 0, ""num_fn"": 0}, ""mouseover"": {""state"": {""target"": [], ""time"": []}, ""edge"": {""target"": [], ""time"": []}}, ""mouseout"": {""state"": {""target"": [], ""time"": []}, ""edge"": {""target"": [], ""time"": []}}}, ""trialTime"": 22067, ""trial_type"": ""mouselab-mdp"", ""trial_index"": 14, ""time_elapsed"": 408671, ""internal_node_id"": ""0.0-4.0-1.0-6.0""}, {""stateRewards"": ["""", 5, -10, 5, -5, 5, -10, -5, 5, -10, 5, 10, -10], ""trial_id"": 8, ""block"": ""testing"", ""trialIndex"": 8, ""score"": -5, ""expectedScore"": 0, ""expectedRewards"": 0, ""simulationMode"": [], ""rewards"": [], ""path"": [""0""], ""rt"": [], ""delays"": [], ""actions"": [], ""actionTimes"": [], ""queries"": {""preselect"": {""state"": {""target"": [], ""time"": []}, ""clickable"": {""target"": [], ""time"": []}}, ""click"": {""state"": {""target"": [""5"", ""6"", ""1"", ""2"", ""9""], ""time"": [11018, 12747, 17824, 20343, 24820]}, ""edge"": {""target"": [], ""time"": []}, ""clickable"": {""target"": [true, true, true, true, true], ""time"": [11020, 12749, 17826, 20345, 24822]}}, ""flowchart"": {""index"": {""target"": [], ""time"": []}, ""answer"": {""target"": [], ""time"": []}, ""correct"": {""target"": [], ""time"": []}, ""answer_stats"": {""total"": [], ""correct"": []}}, ""quiz_selection"": {""gt"": [], ""answer"": [], ""tp"": [], ""fp"": [], ""tn"": [], ""fn"": [], ""num_tp"": 0, ""num_fp"": 0, ""num_tn"": 0, ""num_fn"": 0}, ""mouseover"": {""state"": {""target"": [], ""time"": []}, ""edge"": {""target"": [], ""time"": []}}, ""mouseout"": {""state"": {""target"": [], ""time"": []}, ""edge"": {""target"": [], ""time"": []}}}, ""trialTime"": 33789, ""trial_type"": ""mouselab-mdp"", ""trial_index"": 15, ""time_elapsed"": 443711, ""internal_node_id"": ""0.0-4.0-1.0-7.0""}, {""stateRewards"": ["""", 10, -5, -5, 10, 5, -5, -10, 10, 5, 10, -5, 10], ""trial_id"": 10, ""block"": ""testing"", ""trialIndex"": 9, ""score"": -5, ""expectedScore"": 0, ""expectedRewards"": 0, ""simulationMode"": [], ""rewards"": [], ""path"": [""0""], ""rt"": [], ""delays"": [], ""actions"": [], ""actionTimes"": [], ""queries"": {""preselect"": {""state"": {""target"": [], ""time"": []}, ""clickable"": {""target"": [], ""time"": []}}, ""click"": {""state"": {""target"": [""5"", ""6"", ""1"", ""4"", ""3""], ""time"": [3274, 6533, 9642, 13390, 14727]}, ""edge"": {""target"": [], ""time"": []}, ""clickable"": {""target"": [true, true, true, true, true], ""time"": [3276, 6535, 9644, 13392, 14730]}}, ""flowchart"": {""index"": {""target"": [], ""time"": []}, ""answer"": {""target"": [], ""time"": []}, ""correct"": {""target"": [], ""time"": []}, ""answer_stats"": {""total"": [], ""correct"": []}}, ""quiz_selection"": {""gt"": [], ""answer"": [], ""tp"": [], ""fp"": [], ""tn"": [], ""fn"": [], ""num_tp"": 0, ""num_fp"": 0, ""num_tn"": 0, ""num_fn"": 0}, ""mouseover"": {""state"": {""target"": [], ""time"": []}, ""edge"": {""target"": [], ""time"": []}}, ""mouseout"": {""state"": {""target"": [], ""time"": []}, ""edge"": {""target"": [], ""time"": []}}}, ""trialTime"": 20616, ""trial_type"": ""mouselab-mdp"", ""trial_index"": 16, ""time_elapsed"": 465564, ""internal_node_id"": ""0.0-4.0-1.0-8.0""}, {""stateRewards"": ["""", 10, -5, 5, -10, -5, 5, 10, -10, 5, 10, 10, 10], ""trial_id"": 32, ""block"": ""testing"", ""trialIndex"": 10, ""score"": -4, ""expectedScore"": 0, ""expectedRewards"": 0, ""simulationMode"": [], ""rewards"": [], ""path"": [""0""], ""rt"": [], ""delays"": [], ""actions"": [], ""actionTimes"": [], ""queries"": {""preselect"": {""state"": {""target"": [], ""time"": []}, ""clickable"": {""target"": [], ""time"": []}}, ""click"": {""state"": {""target"": [""5"", ""1"", ""3"", ""4""], ""time"": [5527, 8670, 10972, 11927]}, ""edge"": {""target"": [], ""time"": []}, ""clickable"": {""target"": [true, true, true, true], ""time"": [5529, 8672, 10974, 11932]}}, ""flowchart"": {""index"": {""target"": [], ""time"": []}, ""answer"": {""target"": [], ""time"": []}, ""correct"": {""target"": [], ""time"": []}, ""answer_stats"": {""total"": [], ""correct"": []}}, ""quiz_selection"": {""gt"": [], ""answer"": [], ""tp"": [], ""fp"": [], ""tn"": [], ""fn"": [], ""num_tp"": 0, ""num_fp"": 0, ""num_tn"": 0, ""num_fn"": 0}, ""mouseover"": {""state"": {""target"": [], ""time"": []}, ""edge"": {""target"": [], ""time"": []}}, ""mouseout"": {""state"": {""target"": [], ""time"": []}, ""edge"": {""target"": [], ""time"": []}}}, ""trialTime"": 19426, ""trial_type"": ""mouselab-mdp"", ""trial_index"": 17, ""time_elapsed"": 486257, ""internal_node_id"": ""0.0-4.0-1.0-9.0""}]"
4,0,flowchart,4,14.4,1,3,25,Male,0,"[{""stateRewards"": ["""", -10, -10, -10, 10, 10, 10, -10, 5, 5, -10, -5, 10], ""trial_id"": 19, ""block"": ""testing"", ""trialIndex"": 1, ""score"": -5, ""expectedScore"": 0, ""expectedRewards"": 0, ""simulationMode"": [], ""rewards"": [], ""path"": [""0""], ""rt"": [], ""delays"": [], ""actions"": [], ""actionTimes"": [], ""queries"": {""preselect"": {""state"": {""target"": [], ""time"": []}, ""clickable"": {""target"": [], ""time"": []}}, ""click"": {""state"": {""target"": [""1"", ""5"", ""6"", ""7"", ""8""], ""time"": [18913, 21244, 29408, 30718, 31760]}, ""edge"": {""target"": [], ""time"": []}, ""clickable"": {""target"": [true, true, false, true, true], ""time"": [18914, 21246, 29409, 30722, 31762]}}, ""flowchart"": {""index"": {""target"": [], ""time"": []}, ""answer"": {""target"": [], ""time"": []}, ""correct"": {""target"": [], ""time"": []}, ""answer_stats"": {""total"": [], ""correct"": []}}, ""quiz_selection"": {""gt"": [], ""answer"": [], ""tp"": [], ""fp"": [], ""tn"": [], ""fn"": [], ""num_tp"": 0, ""num_fp"": 0, ""num_tn"": 0, ""num_fn"": 0}, ""mouseover"": {""state"": {""target"": [], ""time"": []}, ""edge"": {""target"": [], ""time"": []}}, ""mouseout"": {""state"": {""target"": [], ""time"": []}, ""edge"": {""target"": [], ""time"": []}}}, ""trialTime"": 51765, ""trial_type"": ""mouselab-mdp"", ""trial_index"": 12, ""time_elapsed"": 513596, ""internal_node_id"": ""0.0-4.0-1.0-0.0""}, {""stateRewards"": ["""", 10, -5, -5, 10, 5, -5, -10, 10, 5, 10, -5, 10], ""trial_id"": 10, ""block"": ""testing"", ""trialIndex"": 2, ""score"": -3, ""expectedScore"": 0, ""expectedRewards"": 0, ""simulationMode"": [], ""rewards"": [], ""path"": [""0""], ""rt"": [], ""delays"": [], ""actions"": [], ""actionTimes"": [], ""queries"": {""preselect"": {""state"": {""target"": [], ""time"": []}, ""clickable"": {""target"": [], ""time"": []}}, ""click"": {""state"": {""target"": [""1"", ""2"", ""4""], ""time"": [7728, 14303, 15153]}, ""edge"": {""target"": [], ""time"": []}, ""clickable"": {""target"": [true, false, true], ""time"": [7730, 14305, 15158]}}, ""flowchart"": {""index"": {""target"": [], ""time"": []}, ""answer"": {""target"": [], ""time"": []}, ""correct"": {""target"": [], ""time"": []}, ""answer_stats"": {""total"": [], ""correct"": []}}, ""quiz_selection"": {""gt"": [], ""answer"": [], ""tp"": [], ""fp"": [], ""tn"": [], ""fn"": [], ""num_tp"": 0, ""num_fp"": 0, ""num_tn"": 0, ""num_fn"": 0}, ""mouseover"": {""state"": {""target"": [], ""time"": []}, ""edge"": {""target"": [], ""time"": []}}, ""mouseout"": {""state"": {""target"": [], ""time"": []}, ""edge"": {""target"": [], ""time"": []}}}, ""trialTime"": 22483, ""trial_type"": ""mouselab-mdp"", ""trial_index"": 13, ""time_elapsed"": 537405, ""internal_node_id"": ""0.0-4.0-1.0-1.0""}, {""stateRewards"": ["""", -10, -10, 5, -10, -10, 5, -10, -10, -5, 10, 10, 5], ""trial_id"": 26, ""block"": ""testing"", ""trialIndex"": 3, ""score"": -4, ""expectedScore"": 0, ""expectedRewards"": 0, ""simulationMode"": [], ""rewards"": [], ""path"": [""0""], ""rt"": [], ""delays"": [], ""actions"": [], ""actionTimes"": [], ""queries"": {""preselect"": {""state"": {""target"": [], ""time"": []}, ""clickable"": {""target"": [], ""time"": []}}, ""click"": {""state"": {""target"": [""1"", ""5"", ""10"", ""9""], ""time"": [4107, 5091, 6630, 12269]}, ""edge"": {""target"": [], ""time"": []}, ""clickable"": {""target"": [true, true, true, false], ""time"": [4108, 5092, 6631, 12273]}}, ""flowchart"": {""index"": {""target"": [], ""time"": []}, ""answer"": {""target"": [], ""time"": []}, ""correct"": {""target"": [], ""time"": []}, ""answer_stats"": {""total"": [], ""correct"": []}}, ""quiz_selection"": {""gt"": [], ""answer"": [], ""tp"": [], ""fp"": [], ""tn"": [], ""fn"": [], ""num_tp"": 0, ""num_fp"": 0, ""num_tn"": 0, ""num_fn"": 0}, ""mouseover"": {""state"": {""target"": [], ""time"": []}, ""edge"": {""target"": [], ""time"": []}}, ""mouseout"": {""state"": {""target"": [], ""time"": []}, ""edge"": {""target"": [], ""time"": []}}}, ""trialTime"": 22145, ""trial_type"": ""mouselab-mdp"", ""trial_index"": 14, ""time_elapsed"": 560860, ""internal_node_id"": ""0.0-4.0-1.0-2.0""}, {""stateRewards"": ["""", -5, -10, 5, 10, 5, -10, -5, 10, 10, -5, 10, 5], ""trial_id"": 52, ""block"": ""testing"", ""trialIndex"": 4, ""score"": -5, ""expectedScore"": 0, ""expectedRewards"": 0, ""simulationMode"": [], ""rewards"": [], ""path"": [""0""], ""rt"": [], ""delays"": [], ""actions"": [], ""actionTimes"": [], ""queries"": {""preselect"": {""state"": {""target"": [], ""time"": []}, ""clickable"": {""target"": [], ""time"": []}}, ""click"": {""state"": {""target"": [""2"", ""5"", ""6"", ""10"", ""9""], ""time"": [7853, 9841, 11104, 12564, 13789]}, ""edge"": {""target"": [], ""time"": []}, ""clickable"": {""target"": [true, true, true, true, true], ""time"": [7854, 9843, 11106, 12565, 13790]}}, ""flowchart"": {""index"": {""target"": [], ""time"": []}, ""answer"": {""target"": [], ""time"": []}, ""correct"": {""target"": [], ""time"": []}, ""answer_stats"": {""total"": [], ""correct"": []}}, ""quiz_selection"": {""gt"": [], ""answer"": [], ""tp"": [], ""fp"": [], ""tn"": [], ""fn"": [], ""num_tp"": 0, ""num_fp"": 0, ""num_tn"": 0, ""num_fn"": 0}, ""mouseover"": {""state"": {""target"": [], ""time"": []}, ""edge"": {""target"": [], ""time"": []}}, ""mouseout"": {""state"": {""target"": [], ""time"": []}, ""edge"": {""target"": [], ""time"": []}}}, ""trialTime"": 23767, ""trial_type"": ""mouselab-mdp"", ""trial_index"": 15, ""time_elapsed"": 585933, ""internal_node_id"": ""0.0-4.0-1.0-3.0""}, {""stateRewards"": ["""", -5, -5, 5, -10, -5, 5, -5, -5, 5, -10, -5, 10], ""trial_id"": 6, ""block"": ""testing"", ""trialIndex"": 5, ""score"": -4, ""expectedScore"": 0, ""expectedRewards"": 0, ""simulationMode"": [], ""rewards"": [], ""path"": [""0""], ""rt"": [], ""delays"": [], ""actions"": [], ""actionTimes"": [], ""queries"": {""preselect"": {""state"": {""target"": [], ""time"": []}, ""clickable"": {""target"": [], ""time"": []}}, ""click"": {""state"": {""target"": [""2"", ""5"", ""10"", ""6""], ""time"": [3459, 5284, 6877, 8239]}, ""edge"": {""target"": [], ""time"": []}, ""clickable"": {""target"": [true, true, true, true], ""time"": [3461, 5285, 6879, 8240]}}, ""flowchart"": {""index"": {""target"": [], ""time"": []}, ""answer"": {""target"": [], ""time"": []}, ""correct"": {""target"": [], ""time"": []}, ""answer_stats"": {""total"": [], ""correct"": []}}, ""quiz_selection"": {""gt"": [], ""answer"": [], ""tp"": [], ""fp"": [], ""tn"": [], ""fn"": [], ""num_tp"": 0, ""num_fp"": 0, ""num_tn"": 0, ""num_fn"": 0}, ""mouseover"": {""state"": {""target"": [], ""time"": []}, ""edge"": {""target"": [], ""time"": []}}, ""mouseout"": {""state"": {""target"": [], ""time"": []}, ""edge"": {""target"": [], ""time"": []}}}, ""trialTime"": 17155, ""trial_type"": ""mouselab-mdp"", ""trial_index"": 16, ""time_elapsed"": 604397, ""internal_node_id"": ""0.0-4.0-1.0-4.0""}, {""stateRewards"": ["""", 10, -5, -10, 10, -10, 10, 5, -5, -5, -5, 10, -5], ""trial_id"": 31, ""block"": ""testing"", ""trialIndex"": 6, ""score"": -3, ""expectedScore"": 0, ""expectedRewards"": 0, ""simulationMode"": [], ""rewards"": [], ""path"": [""0""], ""rt"": [], ""delays"": [], ""actions"": [], ""actionTimes"": [], ""queries"": {""preselect"": {""state"": {""target"": [], ""time"": []}, ""clickable"": {""target"": [], ""time"": []}}, ""click"": {""state"": {""target"": [""5"", ""1"", ""2""], ""time"": [1618, 3881, 6130]}, ""edge"": {""target"": [], ""time"": []}, ""clickable"": {""target"": [true, true, false], ""time"": [1619, 3883, 6132]}}, ""flowchart"": {""index"": {""target"": [], ""time"": []}, ""answer"": {""target"": [], ""time"": []}, ""correct"": {""target"": [], ""time"": []}, ""answer_stats"": {""total"": [], ""correct"": []}}, ""quiz_selection"": {""gt"": [], ""answer"": [], ""tp"": [], ""fp"": [], ""tn"": [], ""fn"": [], ""num_tp"": 0, ""num_fp"": 0, ""num_tn"": 0, ""num_fn"": 0}, ""mouseover"": {""state"": {""target"": [], ""time"": []}, ""edge"": {""target"": [], ""time"": []}}, ""mouseout"": {""state"": {""target"": [], ""time"": []}, ""edge"": {""target"": [], ""time"": []}}}, ""trialTime"": 13197, ""trial_type"": ""mouselab-mdp"", ""trial_index"": 17, ""time_elapsed"": 618907, ""internal_node_id"": ""0.0-4.0-1.0-5.0""}, {""stateRewards"": ["""", 5, 5, -10, -10, 10, 5, 5, 5, -5, 10, -5, -10], ""trial_id"": 16, ""block"": ""testing"", ""trialIndex"": 7, ""score"": -2, ""expectedScore"": 0, ""expectedRewards"": 0, ""simulationMode"": [], ""rewards"": [], ""path"": [""0""], ""rt"": [], ""delays"": [], ""actions"": [], ""actionTimes"": [], ""queries"": {""preselect"": {""state"": {""target"": [], ""time"": []}, ""clickable"": {""target"": [], ""time"": []}}, ""click"": {""state"": {""target"": [""6"", ""5""], ""time"": [2042, 3266]}, ""edge"": {""target"": [], ""time"": []}, ""clickable"": {""target"": [true, true], ""time"": [2043, 3267]}}, ""flowchart"": {""index"": {""target"": [], ""time"": []}, ""answer"": {""target"": [], ""time"": []}, ""correct"": {""target"": [], ""time"": []}, ""answer_stats"": {""total"": [], ""correct"": []}}, ""quiz_selection"": {""gt"": [], ""answer"": [], ""tp"": [], ""fp"": [], ""tn"": [], ""fn"": [], ""num_tp"": 0, ""num_fp"": 0, ""num_tn"": 0, ""num_fn"": 0}, ""mouseover"": {""state"": {""target"": [], ""time"": []}, ""edge"": {""target"": [], ""time"": []}}, ""mouseout"": {""state"": {""target"": [], ""time"": []}, ""edge"": {""target"": [], ""time"": []}}}, ""trialTime"": 12805, ""trial_type"": ""mouselab-mdp"", ""trial_index"": 18, ""time_elapsed"": 633035, ""internal_node_id"": ""0.0-4.0-1.0-6.0""}, {""stateRewards"": ["""", 10, -5, 5, -10, -5, 5, 10, -10, 5, 10, 10, 10], ""trial_id"": 32, ""block"": ""testing"", ""trialIndex"": 8, ""score"": -2, ""expectedScore"": 0, ""expectedRewards"": 0, ""simulationMode"": [], ""rewards"": [], ""path"": [""0""], ""rt"": [], ""delays"": [], ""actions"": [], ""actionTimes"": [], ""queries"": {""preselect"": {""state"": {""target"": [], ""time"": []}, ""clickable"": {""target"": [], ""time"": []}}, ""click"": {""state"": {""target"": [""1"", ""2""], ""time"": [2217, 3924]}, ""edge"": {""target"": [], ""time"": []}, ""clickable"": {""target"": [true, false], ""time"": [2218, 3925]}}, ""flowchart"": {""index"": {""target"": [], ""time"": []}, ""answer"": {""target"": [], ""time"": []}, ""correct"": {""target"": [], ""time"": []}, ""answer_stats"": {""total"": [], ""correct"": []}}, ""quiz_selection"": {""gt"": [], ""answer"": [], ""tp"": [], ""fp"": [], ""tn"": [], ""fn"": [], ""num_tp"": 0, ""num_fp"": 0, ""num_tn"": 0, ""num_fn"": 0}, ""mouseover"": {""state"": {""target"": [], ""time"": []}, ""edge"": {""target"": [], ""time"": []}}, ""mouseout"": {""state"": {""target"": [], ""time"": []}, ""edge"": {""target"": [], ""time"": []}}}, ""trialTime"": 12626, ""trial_type"": ""mouselab-mdp"", ""trial_index"": 19, ""time_elapsed"": 646988, ""internal_node_id"": ""0.0-4.0-1.0-7.0""}, {""stateRewards"": ["""", 5, -5, -10, 5, 10, -5, -5, -10, -5, -10, -5, 10], ""trial_id"": 37, ""block"": ""testing"", ""trialIndex"": 9, ""score"": -4, ""expectedScore"": 0, ""expectedRewards"": 0, ""simulationMode"": [], ""rewards"": [], ""path"": [""0""], ""rt"": [], ""delays"": [], ""actions"": [], ""actionTimes"": [], ""queries"": {""preselect"": {""state"": {""target"": [], ""time"": []}, ""clickable"": {""target"": [], ""time"": []}}, ""click"": {""state"": {""target"": [""9"", ""6"", ""2"", ""5""], ""time"": [1399, 2729, 3979, 5300]}, ""edge"": {""target"": [], ""time"": []}, ""clickable"": {""target"": [true, true, true, true], ""time"": [1400, 2730, 3981, 5302]}}, ""flowchart"": {""index"": {""target"": [], ""time"": []}, ""answer"": {""target"": [], ""time"": []}, ""correct"": {""target"": [], ""time"": []}, ""answer_stats"": {""total"": [], ""correct"": []}}, ""quiz_selection"": {""gt"": [], ""answer"": [], ""tp"": [], ""fp"": [], ""tn"": [], ""fn"": [], ""num_tp"": 0, ""num_fp"": 0, ""num_tn"": 0, ""num_fn"": 0}, ""mouseover"": {""state"": {""target"": [], ""time"": []}, ""edge"": {""target"": [], ""time"": []}}, ""mouseout"": {""state"": {""target"": [], ""time"": []}, ""edge"": {""target"": [], ""time"": []}}}, ""trialTime"": 11891, ""trial_type"": ""mouselab-mdp"", ""trial_index"": 20, ""time_elapsed"": 660187, ""internal_node_id"": ""0.0-4.0-1.0-8.0""}, {""stateRewards"": ["""", 10, 10, 10, 10, 5, 5, 10, 5, -5, 5, 5, 5], ""trial_id"": 18, ""block"": ""testing"", ""trialIndex"": 10, ""score"": -3, ""expectedScore"": 0, ""expectedRewards"": 0, ""simulationMode"": [], ""rewards"": [], ""path"": [""0""], ""rt"": [], ""delays"": [], ""actions"": [], ""actionTimes"": [], ""queries"": {""preselect"": {""state"": {""target"": [], ""time"": []}, ""clickable"": {""target"": [], ""time"": []}}, ""click"": {""state"": {""target"": [""9"", ""6"", ""5""], ""time"": [2364, 3933, 4687]}, ""edge"": {""target"": [], ""time"": []}, ""clickable"": {""target"": [true, true, true], ""time"": [2365, 3934, 4688]}}, ""flowchart"": {""index"": {""target"": [], ""time"": []}, ""answer"": {""target"": [], ""time"": []}, ""correct"": {""target"": [], ""time"": []}, ""answer_stats"": {""total"": [], ""correct"": []}}, ""quiz_selection"": {""gt"": [], ""answer"": [], ""tp"": [], ""fp"": [], ""tn"": [], ""fn"": [], ""num_tp"": 0, ""num_fp"": 0, ""num_tn"": 0, ""num_fn"": 0}, ""mouseover"": {""state"": {""target"": [], ""time"": []}, ""edge"": {""target"": [], ""time"": []}}, ""mouseout"": {""state"": {""target"": [], ""time"": []}, ""edge"": {""target"": [], ""time"": []}}}, ""trialTime"": 15557, ""trial_type"": ""mouselab-mdp"", ""trial_index"": 21, ""time_elapsed"": 677084, ""internal_node_id"": ""0.0-4.0-1.0-9.0""}]"
5,0,flowchart,4,34.0,1,3,55,Male,0,"[{""stateRewards"": ["""", 5, -5, -10, 5, 10, -5, -5, -10, -5, -10, -5, 10], ""trial_id"": 37, ""block"": ""testing"", ""trialIndex"": 1, ""score"": -4, ""expectedScore"": 0, ""expectedRewards"": 0, ""simulationMode"": [], ""rewards"": [], ""path"": [""0""], ""rt"": [], ""delays"": [], ""actions"": [], ""actionTimes"": [], ""queries"": {""preselect"": {""state"": {""target"": [], ""time"": []}, ""clickable"": {""target"": [], ""time"": []}}, ""click"": {""state"": {""target"": [""3"", ""4"", ""2"", ""1""], ""time"": [22670, 38241, 56146, 68602]}, ""edge"": {""target"": [], ""time"": []}, ""clickable"": {""target"": [false, false, true, true], ""time"": [22672, 38245, 56148, 68605]}}, ""flowchart"": {""index"": {""target"": [], ""time"": []}, ""answer"": {""target"": [], ""time"": []}, ""correct"": {""target"": [], ""time"": []}, ""answer_stats"": {""total"": [], ""correct"": []}}, ""quiz_selection"": {""gt"": [], ""answer"": [], ""tp"": [], ""fp"": [], ""tn"": [], ""fn"": [], ""num_tp"": 0, ""num_fp"": 0, ""num_tn"": 0, ""num_fn"": 0}, ""mouseover"": {""state"": {""target"": [], ""time"": []}, ""edge"": {""target"": [], ""time"": []}}, ""mouseout"": {""state"": {""target"": [], ""time"": []}, ""edge"": {""target"": [], ""time"": []}}}, ""trialTime"": 115102, ""trial_type"": ""mouselab-mdp"", ""trial_index"": 12, ""time_elapsed"": 1294211, ""internal_node_id"": ""0.0-4.0-1.0-0.0""}, {""stateRewards"": ["""", -5, -10, 10, 5, -5, -10, 10, 10, 10, -5, -10, -5], ""trial_id"": 27, ""block"": ""testing"", ""trialIndex"": 2, ""score"": -8, ""expectedScore"": 0, ""expectedRewards"": 0, ""simulationMode"": [], ""rewards"": [], ""path"": [""0""], ""rt"": [], ""delays"": [], ""actions"": [], ""actionTimes"": [], ""queries"": {""preselect"": {""state"": {""target"": [], ""time"": []}, ""clickable"": {""target"": [], ""time"": []}}, ""click"": {""state"": {""target"": [""3"", ""2"", ""7"", ""6"", ""11"", ""12"", ""1"", ""5""], ""time"": [12159, 59756, 79239, 91407, 98036, 103453, 107426, 110316]}, ""edge"": {""target"": [], ""time"": []}, ""clickable"": {""target"": [false, false, false, false, false, false, false, false], ""time"": [12161, 59758, 79241, 91408, 98038, 103454, 107428, 110319]}}, ""flowchart"": {""index"": {""target"": [], ""time"": []}, ""answer"": {""target"": [], ""time"": []}, ""correct"": {""target"": [], ""time"": []}, ""answer_stats"": {""total"": [], ""correct"": []}}, ""quiz_selection"": {""gt"": [], ""answer"": [], ""tp"": [], ""fp"": [], ""tn"": [], ""fn"": [], ""num_tp"": 0, ""num_fp"": 0, ""num_tn"": 0, ""num_fn"": 0}, ""mouseover"": {""state"": {""target"": [], ""time"": []}, ""edge"": {""target"": [], ""time"": []}}, ""mouseout"": {""state"": {""target"": [], ""time"": []}, ""edge"": {""target"": [], ""time"": []}}}, ""trialTime"": 151173, ""trial_type"": ""mouselab-mdp"", ""trial_index"": 13, ""time_elapsed"": 1446936, ""internal_node_id"": ""0.0-4.0-1.0-1.0""}, {""stateRewards"": ["""", 5, -5, -5, 5, 5, 10, 10, 5, 10, -10, 10, 5], ""trial_id"": 25, ""block"": ""testing"", ""trialIndex"": 3, ""score"": -6, ""expectedScore"": 0, ""expectedRewards"": 0, ""simulationMode"": [], ""rewards"": [], ""path"": [""0""], ""rt"": [], ""delays"": [], ""actions"": [], ""actionTimes"": [], ""queries"": {""preselect"": {""state"": {""target"": [], ""time"": []}, ""clickable"": {""target"": [], ""time"": []}}, ""click"": {""state"": {""target"": [""12"", ""10"", ""6"", ""5"", ""8"", ""7""], ""time"": [5782, 14265, 21093, 30558, 32380, 34553]}, ""edge"": {""target"": [], ""time"": []}, ""clickable"": {""target"": [false, true, true, false, true, true], ""time"": [5785, 14272, 21095, 30560, 32382, 34555]}}, ""flowchart"": {""index"": {""target"": [], ""time"": []}, ""answer"": {""target"": [], ""time"": []}, ""correct"": {""target"": [], ""time"": []}, ""answer_stats"": {""total"": [], ""correct"": []}}, ""quiz_selection"": {""gt"": [], ""answer"": [], ""tp"": [], ""fp"": [], ""tn"": [], ""fn"": [], ""num_tp"": 0, ""num_fp"": 0, ""num_tn"": 0, ""num_fn"": 0}, ""mouseover"": {""state"": {""target"": [], ""time"": []}, ""edge"": {""target"": [], ""time"": []}}, ""mouseout"": {""state"": {""target"": [], ""time"": []}, ""edge"": {""target"": [], ""time"": []}}}, ""trialTime"": 41640, ""trial_type"": ""mouselab-mdp"", ""trial_index"": 14, ""time_elapsed"": 1490132, ""internal_node_id"": ""0.0-4.0-1.0-2.0""}, {""stateRewards"": ["""", 10, 5, -5, -5, 5, 5, 10, 10, 5, -5, -5, -5], ""trial_id"": 56, ""block"": ""testing"", ""trialIndex"": 4, ""score"": -3, ""expectedScore"": 0, ""expectedRewards"": 0, ""simulationMode"": [], ""rewards"": [], ""path"": [""0""], ""rt"": [], ""delays"": [], ""actions"": [], ""actionTimes"": [], ""queries"": {""preselect"": {""state"": {""target"": [], ""time"": []}, ""clickable"": {""target"": [], ""time"": []}}, ""click"": {""state"": {""target"": [""7"", ""6"", ""5""], ""time"": [4418, 14521, 15615]}, ""edge"": {""target"": [], ""time"": []}, ""clickable"": {""target"": [false, false, false], ""time"": [4420, 14523, 15617]}}, ""flowchart"": {""index"": {""target"": [], ""time"": []}, ""answer"": {""target"": [], ""time"": []}, ""correct"": {""target"": [], ""time"": []}, ""answer_stats"": {""total"": [], ""correct"": []}}, ""quiz_selection"": {""gt"": [], ""answer"": [], ""tp"": [], ""fp"": [], ""tn"": [], ""fn"": [], ""num_tp"": 0, ""num_fp"": 0, ""num_tn"": 0, ""num_fn"": 0}, ""mouseover"": {""state"": {""target"": [], ""time"": []}, ""edge"": {""target"": [], ""time"": []}}, ""mouseout"": {""state"": {""target"": [], ""time"": []}, ""edge"": {""target"": [], ""time"": []}}}, ""trialTime"": 37488, ""trial_type"": ""mouselab-mdp"", ""trial_index"": 15, ""time_elapsed"": 1528846, ""internal_node_id"": ""0.0-4.0-1.0-3.0""}, {""stateRewards"": ["""", -5, -10, -5, 5, 5, 5, -5, 5, 10, 10, -5, -5], ""trial_id"": 50, ""block"": ""testing"", ""trialIndex"": 5, ""score"": -7, ""expectedScore"": 0, ""expectedRewards"": 0, ""simulationMode"": [], ""rewards"": [], ""path"": [""0""], ""rt"": [], ""delays"": [], ""actions"": [], ""actionTimes"": [], ""queries"": {""preselect"": {""state"": {""target"": [], ""time"": []}, ""clickable"": {""target"": [], ""time"": []}}, ""click"": {""state"": {""target"": [""3"", ""4"", ""2"", ""7"", ""6"", ""5"", ""8""], ""time"": [6962, 9968, 20539, 26367, 30124, 33751, 37101]}, ""edge"": {""target"": [], ""time"": []}, ""clickable"": {""target"": [false, false, true, false, true, true, false], ""time"": [6965, 9970, 20541, 26369, 30126, 33755, 37104]}}, ""flowchart"": {""index"": {""target"": [], ""time"": []}, ""answer"": {""target"": [], ""time"": []}, ""correct"": {""target"": [], ""time"": []}, ""answer_stats"": {""total"": [], ""correct"": []}}, ""quiz_selection"": {""gt"": [], ""answer"": [], ""tp"": [], ""fp"": [], ""tn"": [], ""fn"": [], ""num_tp"": 0, ""num_fp"": 0, ""num_tn"": 0, ""num_fn"": 0}, ""mouseover"": {""state"": {""target"": [], ""time"": []}, ""edge"": {""target"": [], ""time"": []}}, ""mouseout"": {""state"": {""target"": [], ""time"": []}, ""edge"": {""target"": [], ""time"": []}}}, ""trialTime"": 54807, ""trial_type"": ""mouselab-mdp"", ""trial_index"": 16, ""time_elapsed"": 1584897, ""internal_node_id"": ""0.0-4.0-1.0-4.0""}, {""stateRewards"": ["""", 5, -5, -10, -5, 10, 5, 5, 5, -10, -10, -10, 5], ""trial_id"": 12, ""block"": ""testing"", ""trialIndex"": 6, ""score"": -4, ""expectedScore"": 0, ""expectedRewards"": 0, ""simulationMode"": [], ""rewards"": [], ""path"": [""0""], ""rt"": [], ""delays"": [], ""actions"": [], ""actionTimes"": [], ""queries"": {""preselect"": {""state"": {""target"": [], ""time"": []}, ""clickable"": {""target"": [], ""time"": []}}, ""click"": {""state"": {""target"": [""7"", ""6"", ""5"", ""8""], ""time"": [5003, 12261, 16157, 20072]}, ""edge"": {""target"": [], ""time"": []}, ""clickable"": {""target"": [false, true, true, true], ""time"": [5007, 12263, 16160, 20076]}}, ""flowchart"": {""index"": {""target"": [], ""time"": []}, ""answer"": {""target"": [], ""time"": []}, ""correct"": {""target"": [], ""time"": []}, ""answer_stats"": {""total"": [], ""correct"": []}}, ""quiz_selection"": {""gt"": [], ""answer"": [], ""tp"": [], ""fp"": [], ""tn"": [], ""fn"": [], ""num_tp"": 0, ""num_fp"": 0, ""num_tn"": 0, ""num_fn"": 0}, ""mouseover"": {""state"": {""target"": [], ""time"": []}, ""edge"": {""target"": [], ""time"": []}}, ""mouseout"": {""state"": {""target"": [], ""time"": []}, ""edge"": {""target"": [], ""time"": []}}}, ""trialTime"": 35406, ""trial_type"": ""mouselab-mdp"", ""trial_index"": 17, ""time_elapsed"": 1621549, ""internal_node_id"": ""0.0-4.0-1.0-5.0""}, {""stateRewards"": ["""", 5, 10, 5, 10, -10, 10, -10, -10, -5, -10, -10, 10], ""trial_id"": 13, ""block"": ""testing"", ""trialIndex"": 7, ""score"": -7, ""expectedScore"": 0, ""expectedRewards"": 0, ""simulationMode"": [], ""rewards"": [], ""path"": [""0""], ""rt"": [], ""delays"": [], ""actions"": [], ""actionTimes"": [], ""queries"": {""preselect"": {""state"": {""target"": [], ""time"": []}, ""clickable"": {""target"": [], ""time"": []}}, ""click"": {""state"": {""target"": [""11"", ""8"", ""7"", ""4"", ""1"", ""2"", ""3""], ""time"": [2689, 4121, 6639, 11122, 31371, 32586, 34458]}, ""edge"": {""target"": [], ""time"": []}, ""clickable"": {""target"": [false, false, false, false, false, false, false], ""time"": [2691, 4123, 6641, 11124, 31374, 32589, 34460]}}, ""flowchart"": {""index"": {""target"": [], ""time"": []}, ""answer"": {""target"": [], ""time"": []}, ""correct"": {""target"": [], ""time"": []}, ""answer_stats"": {""total"": [], ""correct"": []}}, ""quiz_selection"": {""gt"": [], ""answer"": [], ""tp"": [], ""fp"": [], ""tn"": [], ""fn"": [], ""num_tp"": 0, ""num_fp"": 0, ""num_tn"": 0, ""num_fn"": 0}, ""mouseover"": {""state"": {""target"": [], ""time"": []}, ""edge"": {""target"": [], ""time"": []}}, ""mouseout"": {""state"": {""target"": [], ""time"": []}, ""edge"": {""target"": [], ""time"": []}}}, ""trialTime"": 41155, ""trial_type"": ""mouselab-mdp"", ""trial_index"": 18, ""time_elapsed"": 1663942, ""internal_node_id"": ""0.0-4.0-1.0-6.0""}, {""stateRewards"": ["""", 10, -5, 5, 10, 5, -5, -5, 5, -10, 10, 5, 10], ""trial_id"": 44, ""block"": ""testing"", ""trialIndex"": 8, ""score"": -4, ""expectedScore"": 0, ""expectedRewards"": 0, ""simulationMode"": [], ""rewards"": [], ""path"": [""0""], ""rt"": [], ""delays"": [], ""actions"": [], ""actionTimes"": [], ""queries"": {""preselect"": {""state"": {""target"": [], ""time"": []}, ""clickable"": {""target"": [], ""time"": []}}, ""click"": {""state"": {""target"": [""3"", ""2"", ""1"", ""4""], ""time"": [12293, 16299, 18164, 22494]}, ""edge"": {""target"": [], ""time"": []}, ""clickable"": {""target"": [false, true, true, true], ""time"": [12296, 16302, 18168, 22496]}}, ""flowchart"": {""index"": {""target"": [], ""time"": []}, ""answer"": {""target"": [], ""time"": []}, ""correct"": {""target"": [], ""time"": []}, ""answer_stats"": {""total"": [], ""correct"": []}}, ""quiz_selection"": {""gt"": [], ""answer"": [], ""tp"": [], ""fp"": [], ""tn"": [], ""fn"": [], ""num_tp"": 0, ""num_fp"": 0, ""num_tn"": 0, ""num_fn"": 0}, ""mouseover"": {""state"": {""target"": [], ""time"": []}, ""edge"": {""target"": [], ""time"": []}}, ""mouseout"": {""state"": {""target"": [], ""time"": []}, ""edge"": {""target"": [], ""time"": []}}}, ""trialTime"": 29624, ""trial_type"": ""mouselab-mdp"", ""trial_index"": 19, ""time_elapsed"": 1694810, ""internal_node_id"": ""0.0-4.0-1.0-7.0""}, {""stateRewards"": ["""", 10, 5, 5, 10, 10, 10, 5, -5, 5, 10, 5, 5], ""trial_id"": 28, ""block"": ""testing"", ""trialIndex"": 9, ""score"": -4, ""expectedScore"": 0, ""expectedRewards"": 0, ""simulationMode"": [], ""rewards"": [], ""path"": [""0""], ""rt"": [], ""delays"": [], ""actions"": [], ""actionTimes"": [], ""queries"": {""preselect"": {""state"": {""target"": [], ""time"": []}, ""clickable"": {""target"": [], ""time"": []}}, ""click"": {""state"": {""target"": [""4"", ""2"", ""1"", ""3""], ""time"": [2233, 7135, 10377, 12223]}, ""edge"": {""target"": [], ""time"": []}, ""clickable"": {""target"": [false, false, false, false], ""time"": [2236, 7136, 10380, 12228]}}, ""flowchart"": {""index"": {""target"": [], ""time"": []}, ""answer"": {""target"": [], ""time"": []}, ""correct"": {""target"": [], ""time"": []}, ""answer_stats"": {""total"": [], ""correct"": []}}, ""quiz_selection"": {""gt"": [], ""answer"": [], ""tp"": [], ""fp"": [], ""tn"": [], ""fn"": [], ""num_tp"": 0, ""num_fp"": 0, ""num_tn"": 0, ""num_fn"": 0}, ""mouseover"": {""state"": {""target"": [], ""time"": []}, ""edge"": {""target"": [], ""time"": []}}, ""mouseout"": {""state"": {""target"": [], ""time"": []}, ""edge"": {""target"": [], ""time"": []}}}, ""trialTime"": 19158, ""trial_type"": ""mouselab-mdp"", ""trial_index"": 20, ""time_elapsed"": 1715178, ""internal_node_id"": ""0.0-4.0-1.0-8.0""}, {""stateRewards"": ["""", -5, -5, 5, 10, 10, -10, -10, -10, -10, 10, 10, 10], ""trial_id"": 4, ""block"": ""testing"", ""trialIndex"": 10, ""score"": -9, ""expectedScore"": 0, ""expectedRewards"": 0, ""simulationMode"": [null], ""rewards"": [], ""path"": [""0""], ""rt"": [236816], ""delays"": [], ""actions"": [""left""], ""actionTimes"": [236835], ""queries"": {""preselect"": {""state"": {""target"": [], ""time"": []}, ""clickable"": {""target"": [], ""time"": []}}, ""click"": {""state"": {""target"": [""7"", ""4"", ""2"", ""1"", ""8"", ""11"", ""10"", ""9"", ""12""], ""time"": [2448, 3957, 11053, 11997, 25631, 27172, 28829, 31501, 32874]}, ""edge"": {""target"": [], ""time"": []}, ""clickable"": {""target"": [false, false, false, false, false, false, false, false, false], ""time"": [2452, 3961, 11056, 11999, 25633, 27174, 28832, 31503, 32876]}}, ""flowchart"": {""index"": {""target"": [], ""time"": []}, ""answer"": {""target"": [], ""time"": []}, ""correct"": {""target"": [], ""time"": []}, ""answer_stats"": {""total"": [], ""correct"": []}}, ""quiz_selection"": {""gt"": [], ""answer"": [], ""tp"": [], ""fp"": [], ""tn"": [], ""fn"": [], ""num_tp"": 0, ""num_fp"": 0, ""num_tn"": 0, ""num_fn"": 0}, ""mouseover"": {""state"": {""target"": [], ""time"": []}, ""edge"": {""target"": [], ""time"": []}}, ""mouseout"": {""state"": {""target"": [], ""time"": []}, ""edge"": {""target"": [], ""time"": []}}}, ""trialTime"": 40999, ""trial_type"": ""mouselab-mdp"", ""trial_index"": 21, ""time_elapsed"": 1757410, ""internal_node_id"": ""0.0-4.0-1.0-9.0""}]"
6,0,flowchart,4,10.3,1,1,29,Female,0,"[{""stateRewards"": ["""", 10, -5, 5, 10, 5, -5, -5, 5, -10, 10, 5, 10], ""trial_id"": 44, ""block"": ""testing"", ""trialIndex"": 1, ""score"": -1, ""expectedScore"": 0, ""expectedRewards"": 0, ""simulationMode"": [], ""rewards"": [], ""path"": [""0""], ""rt"": [], ""delays"": [], ""actions"": [], ""actionTimes"": [], ""queries"": {""preselect"": {""state"": {""target"": [], ""time"": []}, ""clickable"": {""target"": [], ""time"": []}}, ""click"": {""state"": {""target"": [""1""], ""time"": [10568]}, ""edge"": {""target"": [], ""time"": []}, ""clickable"": {""target"": [true], ""time"": [10569]}}, ""flowchart"": {""index"": {""target"": [], ""time"": []}, ""answer"": {""target"": [], ""time"": []}, ""correct"": {""target"": [], ""time"": []}, ""answer_stats"": {""total"": [], ""correct"": []}}, ""quiz_selection"": {""gt"": [], ""answer"": [], ""tp"": [], ""fp"": [], ""tn"": [], ""fn"": [], ""num_tp"": 0, ""num_fp"": 0, ""num_tn"": 0, ""num_fn"": 0}, ""mouseover"": {""state"": {""target"": [], ""time"": []}, ""edge"": {""target"": [], ""time"": []}}, ""mouseout"": {""state"": {""target"": [], ""time"": []}, ""edge"": {""target"": [], ""time"": []}}}, ""trialTime"": 53372, ""trial_type"": ""mouselab-mdp"", ""trial_index"": 8, ""time_elapsed"": 272696, ""internal_node_id"": ""0.0-4.0-1.0-0.0""}, {""stateRewards"": ["""", -5, 10, 10, 5, 5, -5, 5, -10, 5, -5, -5, -5], ""trial_id"": 30, ""block"": ""testing"", ""trialIndex"": 2, ""score"": -5, ""expectedScore"": 0, ""expectedRewards"": 0, ""simulationMode"": [], ""rewards"": [], ""path"": [""0""], ""rt"": [], ""delays"": [], ""actions"": [], ""actionTimes"": [], ""queries"": {""preselect"": {""state"": {""target"": [], ""time"": []}, ""clickable"": {""target"": [], ""time"": []}}, ""click"": {""state"": {""target"": [""5"", ""6"", ""1"", ""9"", ""10""], ""time"": [15933, 18490, 33837, 38062, 39247]}, ""edge"": {""target"": [], ""time"": []}, ""clickable"": {""target"": [true, true, true, true, true], ""time"": [15934, 18492, 33838, 38066, 39249]}}, ""flowchart"": {""index"": {""target"": [], ""time"": []}, ""answer"": {""target"": [], ""time"": []}, ""correct"": {""target"": [], ""time"": []}, ""answer_stats"": {""total"": [], ""correct"": []}}, ""quiz_selection"": {""gt"": [], ""answer"": [], ""tp"": [], ""fp"": [], ""tn"": [], ""fn"": [], ""num_tp"": 0, ""num_fp"": 0, ""num_tn"": 0, ""num_fn"": 0}, ""mouseover"": {""state"": {""target"": [], ""time"": []}, ""edge"": {""target"": [], ""time"": []}}, ""mouseout"": {""state"": {""target"": [], ""time"": []}, ""edge"": {""target"": [], ""time"": []}}}, ""trialTime"": 49505, ""trial_type"": ""mouselab-mdp"", ""trial_index"": 9, ""time_elapsed"": 323426, ""internal_node_id"": ""0.0-4.0-1.0-1.0""}, {""stateRewards"": ["""", 5, 5, -10, -10, 10, 5, 5, 5, -5, 10, -5, -10], ""trial_id"": 16, ""block"": ""testing"", ""trialIndex"": 3, ""score"": -4, ""expectedScore"": 0, ""expectedRewards"": 0, ""simulationMode"": [], ""rewards"": [], ""path"": [""0""], ""rt"": [], ""delays"": [], ""actions"": [], ""actionTimes"": [], ""queries"": {""preselect"": {""state"": {""target"": [], ""time"": []}, ""clickable"": {""target"": [], ""time"": []}}, ""click"": {""state"": {""target"": [""9"", ""5"", ""8"", ""7""], ""time"": [5457, 10123, 29091, 36182]}, ""edge"": {""target"": [], ""time"": []}, ""clickable"": {""target"": [true, true, true, true], ""time"": [5459, 10125, 29092, 36183]}}, ""flowchart"": {""index"": {""target"": [], ""time"": []}, ""answer"": {""target"": [], ""time"": []}, ""correct"": {""target"": [], ""time"": []}, ""answer_stats"": {""total"": [], ""correct"": []}}, ""quiz_selection"": {""gt"": [], ""answer"": [], ""tp"": [], ""fp"": [], ""tn"": [], ""fn"": [], ""num_tp"": 0, ""num_fp"": 0, ""num_tn"": 0, ""num_fn"": 0}, ""mouseover"": {""state"": {""target"": [], ""time"": []}, ""edge"": {""target"": [], ""time"": []}}, ""mouseout"": {""state"": {""target"": [], ""time"": []}, ""edge"": {""target"": [], ""time"": []}}}, ""trialTime"": 45124, ""trial_type"": ""mouselab-mdp"", ""trial_index"": 10, ""time_elapsed"": 369795, ""internal_node_id"": ""0.0-4.0-1.0-2.0""}, {""stateRewards"": ["""", -10, -10, 5, -10, -10, 5, -10, -10, -5, 10, 10, 5], ""trial_id"": 26, ""block"": ""testing"", ""trialIndex"": 4, ""score"": -6, ""expectedScore"": 0, ""expectedRewards"": 0, ""simulationMode"": [], ""rewards"": [], ""path"": [""0""], ""rt"": [], ""delays"": [], ""actions"": [], ""actionTimes"": [], ""queries"": {""preselect"": {""state"": {""target"": [], ""time"": []}, ""clickable"": {""target"": [], ""time"": []}}, ""click"": {""state"": {""target"": [""5"", ""9"", ""1"", ""10"", ""12"", ""11""], ""time"": [4738, 8288, 11041, 14798, 18247, 21251]}, ""edge"": {""target"": [], ""time"": []}, ""clickable"": {""target"": [true, true, true, true, true, true], ""time"": [4741, 8290, 11042, 14799, 18249, 21252]}}, ""flowchart"": {""index"": {""target"": [], ""time"": []}, ""answer"": {""target"": [], ""time"": []}, ""correct"": {""target"": [], ""time"": []}, ""answer_stats"": {""total"": [], ""correct"": []}}, ""quiz_selection"": {""gt"": [], ""answer"": [], ""tp"": [], ""fp"": [], ""tn"": [], ""fn"": [], ""num_tp"": 0, ""num_fp"": 0, ""num_tn"": 0, ""num_fn"": 0}, ""mouseover"": {""state"": {""target"": [], ""time"": []}, ""edge"": {""target"": [], ""time"": []}}, ""mouseout"": {""state"": {""target"": [], ""time"": []}, ""edge"": {""target"": [], ""time"": []}}}, ""trialTime"": 32330, ""trial_type"": ""mouselab-mdp"", ""trial_index"": 11, ""time_elapsed"": 403376, ""internal_node_id"": ""0.0-4.0-1.0-3.0""}, {""stateRewards"": ["""", 5, -5, -10, 5, 5, 10, -10, 10, 5, 10, 10, -10], ""trial_id"": 48, ""block"": ""testing"", ""trialIndex"": 5, ""score"": -4, ""expectedScore"": 0, ""expectedRewards"": 0, ""simulationMode"": [], ""rewards"": [], ""path"": [""0""], ""rt"": [], ""delays"": [], ""actions"": [], ""actionTimes"": [], ""queries"": {""preselect"": {""state"": {""target"": [], ""time"": []}, ""clickable"": {""target"": [], ""time"": []}}, ""click"": {""state"": {""target"": [""5"", ""6"", ""8"", ""7""], ""time"": [4902, 10026, 12187, 13927]}, ""edge"": {""target"": [], ""time"": []}, ""clickable"": {""target"": [true, true, true, true], ""time"": [4903, 10027, 12198, 13929]}}, ""flowchart"": {""index"": {""target"": [], ""time"": []}, ""answer"": {""target"": [], ""time"": []}, ""correct"": {""target"": [], ""time"": []}, ""answer_stats"": {""total"": [], ""correct"": []}}, ""quiz_selection"": {""gt"": [], ""answer"": [], ""tp"": [], ""fp"": [], ""tn"": [], ""fn"": [], ""num_tp"": 0, ""num_fp"": 0, ""num_tn"": 0, ""num_fn"": 0}, ""mouseover"": {""state"": {""target"": [], ""time"": []}, ""edge"": {""target"": [], ""time"": []}}, ""mouseout"": {""state"": {""target"": [], ""time"": []}, ""edge"": {""target"": [], ""time"": []}}}, ""trialTime"": 20675, ""trial_type"": ""mouselab-mdp"", ""trial_index"": 12, ""time_elapsed"": 425298, ""internal_node_id"": ""0.0-4.0-1.0-4.0""}, {""stateRewards"": ["""", -5, 10, 10, -5, 10, -10, 10, 10, -10, 10, -5, 5], ""trial_id"": 23, ""block"": ""testing"", ""trialIndex"": 6, ""score"": -4, ""expectedScore"": 0, ""expectedRewards"": 0, ""simulationMode"": [], ""rewards"": [], ""path"": [""0""], ""rt"": [], ""delays"": [], ""actions"": [], ""actionTimes"": [], ""queries"": {""preselect"": {""state"": {""target"": [], ""time"": []}, ""clickable"": {""target"": [], ""time"": []}}, ""click"": {""state"": {""target"": [""9"", ""5"", ""8"", ""7""], ""time"": [2752, 7710, 11872, 12961]}, ""edge"": {""target"": [], ""time"": []}, ""clickable"": {""target"": [true, true, true, true], ""time"": [2753, 7712, 11874, 12962]}}, ""flowchart"": {""index"": {""target"": [], ""time"": []}, ""answer"": {""target"": [], ""time"": []}, ""correct"": {""target"": [], ""time"": []}, ""answer_stats"": {""total"": [], ""correct"": []}}, ""quiz_selection"": {""gt"": [], ""answer"": [], ""tp"": [], ""fp"": [], ""tn"": [], ""fn"": [], ""num_tp"": 0, ""num_fp"": 0, ""num_tn"": 0, ""num_fn"": 0}, ""mouseover"": {""state"": {""target"": [], ""time"": []}, ""edge"": {""target"": [], ""time"": []}}, ""mouseout"": {""state"": {""target"": [], ""time"": []}, ""edge"": {""target"": [], ""time"": []}}}, ""trialTime"": 22302, ""trial_type"": ""mouselab-mdp"", ""trial_index"": 13, ""time_elapsed"": 448855, ""internal_node_id"": ""0.0-4.0-1.0-5.0""}, {""stateRewards"": ["""", 5, 10, 5, 10, -10, 10, -10, -10, -5, -10, -10, 10], ""trial_id"": 13, ""block"": ""testing"", ""trialIndex"": 7, ""score"": -5, ""expectedScore"": 0, ""expectedRewards"": 0, ""simulationMode"": [], ""rewards"": [], ""path"": [""0""], ""rt"": [], ""delays"": [], ""actions"": [], ""actionTimes"": [], ""queries"": {""preselect"": {""state"": {""target"": [], ""time"": []}, ""clickable"": {""target"": [], ""time"": []}}, ""click"": {""state"": {""target"": [""9"", ""1"", ""2"", ""4"", ""3""], ""time"": [2201, 6567, 9599, 17093, 18074]}, ""edge"": {""target"": [], ""time"": []}, ""clickable"": {""target"": [true, true, true, true, true], ""time"": [2202, 6568, 9601, 17096, 18076]}}, ""flowchart"": {""index"": {""target"": [], ""time"": []}, ""answer"": {""target"": [], ""time"": []}, ""correct"": {""target"": [], ""time"": []}, ""answer_stats"": {""total"": [], ""correct"": []}}, ""quiz_selection"": {""gt"": [], ""answer"": [], ""tp"": [], ""fp"": [], ""tn"": [], ""fn"": [], ""num_tp"": 0, ""num_fp"": 0, ""num_tn"": 0, ""num_fn"": 0}, ""mouseover"": {""state"": {""target"": [], ""time"": []}, ""edge"": {""target"": [], ""time"": []}}, ""mouseout"": {""state"": {""target"": [], ""time"": []}, ""edge"": {""target"": [], ""time"": []}}}, ""trialTime"": 23173, ""trial_type"": ""mouselab-mdp"", ""trial_index"": 14, ""time_elapsed"": 473281, ""internal_node_id"": ""0.0-4.0-1.0-6.0""}, {""stateRewards"": ["""", 10, -10, -10, -5, -10, 10, -10, -5, 10, 10, 5, -5], ""trial_id"": 7, ""block"": ""testing"", ""trialIndex"": 8, ""score"": -3, ""expectedScore"": 0, ""expectedRewards"": 0, ""simulationMode"": [], ""rewards"": [], ""path"": [""0""], ""rt"": [], ""delays"": [], ""actions"": [], ""actionTimes"": [], ""queries"": {""preselect"": {""state"": {""target"": [], ""time"": []}, ""clickable"": {""target"": [], ""time"": []}}, ""click"": {""state"": {""target"": [""9"", ""12"", ""11""], ""time"": [2195, 7150, 7747]}, ""edge"": {""target"": [], ""time"": []}, ""clickable"": {""target"": [true, true, true], ""time"": [2197, 7154, 7749]}}, ""flowchart"": {""index"": {""target"": [], ""time"": []}, ""answer"": {""target"": [], ""time"": []}, ""correct"": {""target"": [], ""time"": []}, ""answer_stats"": {""total"": [], ""correct"": []}}, ""quiz_selection"": {""gt"": [], ""answer"": [], ""tp"": [], ""fp"": [], ""tn"": [], ""fn"": [], ""num_tp"": 0, ""num_fp"": 0, ""num_tn"": 0, ""num_fn"": 0}, ""mouseover"": {""state"": {""target"": [], ""time"": []}, ""edge"": {""target"": [], ""time"": []}}, ""mouseout"": {""state"": {""target"": [], ""time"": []}, ""edge"": {""target"": [], ""time"": []}}}, ""trialTime"": 13376, ""trial_type"": ""mouselab-mdp"", ""trial_index"": 15, ""time_elapsed"": 487910, ""internal_node_id"": ""0.0-4.0-1.0-7.0""}, {""stateRewards"": ["""", -5, -10, 5, 10, 5, -10, -5, 10, 10, -5, 10, 5], ""trial_id"": 52, ""block"": ""testing"", ""trialIndex"": 9, ""score"": -6, ""expectedScore"": 0, ""expectedRewards"": 0, ""simulationMode"": [], ""rewards"": [], ""path"": [""0""], ""rt"": [], ""delays"": [], ""actions"": [], ""actionTimes"": [], ""queries"": {""preselect"": {""state"": {""target"": [], ""time"": []}, ""clickable"": {""target"": [], ""time"": []}}, ""click"": {""state"": {""target"": [""1"", ""5"", ""6"", ""9"", ""12"", ""11""], ""time"": [2097, 3876, 5266, 8841, 10245, 11079]}, ""edge"": {""target"": [], ""time"": []}, ""clickable"": {""target"": [true, true, true, true, true, true], ""time"": [2099, 3878, 5268, 8843, 10247, 11082]}}, ""flowchart"": {""index"": {""target"": [], ""time"": []}, ""answer"": {""target"": [], ""time"": []}, ""correct"": {""target"": [], ""time"": []}, ""answer_stats"": {""total"": [], ""correct"": []}}, ""quiz_selection"": {""gt"": [], ""answer"": [], ""tp"": [], ""fp"": [], ""tn"": [], ""fn"": [], ""num_tp"": 0, ""num_fp"": 0, ""num_tn"": 0, ""num_fn"": 0}, ""mouseover"": {""state"": {""target"": [], ""time"": []}, ""edge"": {""target"": [], ""time"": []}}, ""mouseout"": {""state"": {""target"": [], ""time"": []}, ""edge"": {""target"": [], ""time"": []}}}, ""trialTime"": 16263, ""trial_type"": ""mouselab-mdp"", ""trial_index"": 16, ""time_elapsed"": 505403, ""internal_node_id"": ""0.0-4.0-1.0-8.0""}, {""stateRewards"": ["""", -5, -10, -5, 5, 5, 5, -5, 5, 10, 10, -5, -5], ""trial_id"": 50, ""block"": ""testing"", ""trialIndex"": 10, ""score"": -3, ""expectedScore"": 0, ""expectedRewards"": 0, ""simulationMode"": [], ""rewards"": [], ""path"": [""0""], ""rt"": [], ""delays"": [], ""actions"": [], ""actionTimes"": [], ""queries"": {""preselect"": {""state"": {""target"": [], ""time"": []}, ""clickable"": {""target"": [], ""time"": []}}, ""click"": {""state"": {""target"": [""2"", ""5"", ""6""], ""time"": [7296, 12641, 14526]}, ""edge"": {""target"": [], ""time"": []}, ""clickable"": {""target"": [true, true, true], ""time"": [7298, 12643, 14527]}}, ""flowchart"": {""index"": {""target"": [], ""time"": []}, ""answer"": {""target"": [], ""time"": []}, ""correct"": {""target"": [], ""time"": []}, ""answer_stats"": {""total"": [], ""correct"": []}}, ""quiz_selection"": {""gt"": [], ""answer"": [], ""tp"": [], ""fp"": [], ""tn"": [], ""fn"": [], ""num_tp"": 0, ""num_fp"": 0, ""num_tn"": 0, ""num_fn"": 0}, ""mouseover"": {""state"": {""target"": [], ""time"": []}, ""edge"": {""target"": [], ""time"": []}}, ""mouseout"": {""state"": {""target"": [], ""time"": []}, ""edge"": {""target"": [], ""time"": []}}}, ""trialTime"": 21392, ""trial_type"": ""mouselab-mdp"", ""trial_index"": 17, ""time_elapsed"": 528010, ""internal_node_id"": ""0.0-4.0-1.0-9.0""}]"
7,0,flowchart,4,11.9,2,2,36,Female,1,"[{""stateRewards"": ["""", 5, -10, -5, 10, 5, -10, -5, -10, 5, -5, -5, 5], ""trial_id"": 51, ""block"": ""testing"", ""trialIndex"": 1, ""score"": 0, ""expectedScore"": 0, ""expectedRewards"": 0, ""simulationMode"": [], ""rewards"": [], ""path"": [""0""], ""rt"": [], ""delays"": [], ""actions"": [], ""actionTimes"": [], ""queries"": {""preselect"": {""state"": {""target"": [], ""time"": []}, ""clickable"": {""target"": [], ""time"": []}}, ""click"": {""state"": {""target"": [], ""time"": []}, ""edge"": {""target"": [], ""time"": []}, ""clickable"": {""target"": [], ""time"": []}}, ""flowchart"": {""index"": {""target"": [], ""time"": []}, ""answer"": {""target"": [], ""time"": []}, ""correct"": {""target"": [], ""time"": []}, ""answer_stats"": {""total"": [], ""correct"": []}}, ""quiz_selection"": {""gt"": [], ""answer"": [], ""tp"": [], ""fp"": [], ""tn"": [], ""fn"": [], ""num_tp"": 0, ""num_fp"": 0, ""num_tn"": 0, ""num_fn"": 0}, ""mouseover"": {""state"": {""target"": [], ""time"": []}, ""edge"": {""target"": [], ""time"": []}}, ""mouseout"": {""state"": {""target"": [], ""time"": []}, ""edge"": {""target"": [], ""time"": []}}}, ""trialTime"": 12973, ""trial_type"": ""mouselab-mdp"", ""trial_index"": 12, ""time_elapsed"": 472246, ""internal_node_id"": ""0.0-4.0-1.0-0.0""}, {""stateRewards"": ["""", 10, -5, 5, -10, -5, 5, 10, -10, 5, 10, 10, 10], ""trial_id"": 32, ""block"": ""testing"", ""trialIndex"": 2, ""score"": -12, ""expectedScore"": 0, ""expectedRewards"": 0, ""simulationMode"": [], ""rewards"": [], ""path"": [""0""], ""rt"": [], ""delays"": [], ""actions"": [], ""actionTimes"": [], ""queries"": {""preselect"": {""state"": {""target"": [], ""time"": []}, ""clickable"": {""target"": [], ""time"": []}}, ""click"": {""state"": {""target"": [""9"", ""5"", ""1"", ""2"", ""4"", ""3"", ""6"", ""10"", ""12"", ""11"", ""8"", ""7""], ""time"": [8888, 10663, 11637, 13751, 14921, 15975, 16863, 18098, 20544, 21335, 24721, 25469]}, ""edge"": {""target"": [], ""time"": []}, ""clickable"": {""target"": [true, false, false, false, true, true, false, false, false, false, false, false], ""time"": [8889, 10664, 11638, 13752, 14922, 15975, 16864, 18098, 20544, 21336, 24722, 25469]}}, ""flowchart"": {""index"": {""target"": [], ""time"": []}, ""answer"": {""target"": [], ""time"": []}, ""correct"": {""target"": [], ""time"": []}, ""answer_stats"": {""total"": [], ""correct"": []}}, ""quiz_selection"": {""gt"": [], ""answer"": [], ""tp"": [], ""fp"": [], ""tn"": [], ""fn"": [], ""num_tp"": 0, ""num_fp"": 0, ""num_tn"": 0, ""num_fn"": 0}, ""mouseover"": {""state"": {""target"": [], ""time"": []}, ""edge"": {""target"": [], ""time"": []}}, ""mouseout"": {""state"": {""target"": [], ""time"": []}, ""edge"": {""target"": [], ""time"": []}}}, ""trialTime"": 32625, ""trial_type"": ""mouselab-mdp"", ""trial_index"": 13, ""time_elapsed"": 506070, ""internal_node_id"": ""0.0-4.0-1.0-1.0""}, {""stateRewards"": ["""", -5, -10, -5, -10, -10, -5, 10, -5, -10, 5, 10, -5], ""trial_id"": 57, ""block"": ""testing"", ""trialIndex"": 3, ""score"": -6, ""expectedScore"": 0, ""expectedRewards"": 0, ""simulationMode"": [], ""rewards"": [], ""path"": [""0""], ""rt"": [], ""delays"": [], ""actions"": [], ""actionTimes"": [], ""queries"": {""preselect"": {""state"": {""target"": [], ""time"": []}, ""clickable"": {""target"": [], ""time"": []}}, ""click"": {""state"": {""target"": [""5"", ""6"", ""2"", ""1"", ""9"", ""10""], ""time"": [13081, 13668, 14628, 15248, 16082, 16592]}, ""edge"": {""target"": [], ""time"": []}, ""clickable"": {""target"": [true, false, true, false, true, true], ""time"": [13081, 13668, 14628, 15248, 16082, 16593]}}, ""flowchart"": {""index"": {""target"": [], ""time"": []}, ""answer"": {""target"": [], ""time"": []}, ""correct"": {""target"": [], ""time"": []}, ""answer_stats"": {""total"": [], ""correct"": []}}, ""quiz_selection"": {""gt"": [], ""answer"": [], ""tp"": [], ""fp"": [], ""tn"": [], ""fn"": [], ""num_tp"": 0, ""num_fp"": 0, ""num_tn"": 0, ""num_fn"": 0}, ""mouseover"": {""state"": {""target"": [], ""time"": []}, ""edge"": {""target"": [], ""time"": []}}, ""mouseout"": {""state"": {""target"": [], ""time"": []}, ""edge"": {""target"": [], ""time"": []}}}, ""trialTime"": 22208, ""trial_type"": ""mouselab-mdp"", ""trial_index"": 14, ""time_elapsed"": 529484, ""internal_node_id"": ""0.0-4.0-1.0-2.0""}, {""stateRewards"": ["""", 5, -5, 5, -10, 5, -5, 10, -5, -10, -10, -5, -10], ""trial_id"": 35, ""block"": ""testing"", ""trialIndex"": 4, ""score"": -8, ""expectedScore"": 0, ""expectedRewards"": 0, ""simulationMode"": [], ""rewards"": [], ""path"": [""0""], ""rt"": [], ""delays"": [], ""actions"": [], ""actionTimes"": [], ""queries"": {""preselect"": {""state"": {""target"": [], ""time"": []}, ""clickable"": {""target"": [], ""time"": []}}, ""click"": {""state"": {""target"": [""5"", ""1"", ""2"", ""6"", ""10"", ""9"", ""8"", ""7""], ""time"": [13624, 15493, 16035, 16624, 17669, 18070, 18927, 19462]}, ""edge"": {""target"": [], ""time"": []}, ""clickable"": {""target"": [true, false, true, true, true, false, false, false], ""time"": [13625, 15494, 16036, 16624, 17670, 18071, 18928, 19463]}}, ""flowchart"": {""index"": {""target"": [], ""time"": []}, ""answer"": {""target"": [], ""time"": []}, ""correct"": {""target"": [], ""time"": []}, ""answer_stats"": {""total"": [], ""correct"": []}}, ""quiz_selection"": {""gt"": [], ""answer"": [], ""tp"": [], ""fp"": [], ""tn"": [], ""fn"": [], ""num_tp"": 0, ""num_fp"": 0, ""num_tn"": 0, ""num_fn"": 0}, ""mouseover"": {""state"": {""target"": [], ""time"": []}, ""edge"": {""target"": [], ""time"": []}}, ""mouseout"": {""state"": {""target"": [], ""time"": []}, ""edge"": {""target"": [], ""time"": []}}}, ""trialTime"": 24671, ""trial_type"": ""mouselab-mdp"", ""trial_index"": 15, ""time_elapsed"": 555345, ""internal_node_id"": ""0.0-4.0-1.0-3.0""}, {""stateRewards"": ["""", 5, 10, 5, 10, -10, 10, -10, -10, -5, -10, -10, 10], ""trial_id"": 13, ""block"": ""testing"", ""trialIndex"": 5, ""score"": -6, ""expectedScore"": 0, ""expectedRewards"": 0, ""simulationMode"": [], ""rewards"": [], ""path"": [""0""], ""rt"": [], ""delays"": [], ""actions"": [], ""actionTimes"": [], ""queries"": {""preselect"": {""state"": {""target"": [], ""time"": []}, ""clickable"": {""target"": [], ""time"": []}}, ""click"": {""state"": {""target"": [""5"", ""6"", ""1"", ""2"", ""10"", ""9""], ""time"": [5923, 7016, 7683, 8618, 9344, 9710]}, ""edge"": {""target"": [], ""time"": []}, ""clickable"": {""target"": [true, false, true, true, false, false], ""time"": [5923, 7017, 7683, 8619, 9345, 9711]}}, ""flowchart"": {""index"": {""target"": [], ""time"": []}, ""answer"": {""target"": [], ""time"": []}, ""correct"": {""target"": [], ""time"": []}, ""answer_stats"": {""total"": [], ""correct"": []}}, ""quiz_selection"": {""gt"": [], ""answer"": [], ""tp"": [], ""fp"": [], ""tn"": [], ""fn"": [], ""num_tp"": 0, ""num_fp"": 0, ""num_tn"": 0, ""num_fn"": 0}, ""mouseover"": {""state"": {""target"": [], ""time"": []}, ""edge"": {""target"": [], ""time"": []}}, ""mouseout"": {""state"": {""target"": [], ""time"": []}, ""edge"": {""target"": [], ""time"": []}}}, ""trialTime"": 15726, ""trial_type"": ""mouselab-mdp"", ""trial_index"": 16, ""time_elapsed"": 572264, ""internal_node_id"": ""0.0-4.0-1.0-4.0""}, {""stateRewards"": ["""", 10, -5, -5, 10, 5, -5, -10, 10, 5, 10, -5, 10], ""trial_id"": 10, ""block"": ""testing"", ""trialIndex"": 6, ""score"": -6, ""expectedScore"": 0, ""expectedRewards"": 0, ""simulationMode"": [], ""rewards"": [], ""path"": [""0""], ""rt"": [], ""delays"": [], ""actions"": [], ""actionTimes"": [], ""queries"": {""preselect"": {""state"": {""target"": [], ""time"": []}, ""clickable"": {""target"": [], ""time"": []}}, ""click"": {""state"": {""target"": [""10"", ""5"", ""6"", ""9"", ""1"", ""2""], ""time"": [3303, 4676, 6107, 7309, 8118, 8951]}, ""edge"": {""target"": [], ""time"": []}, ""clickable"": {""target"": [true, false, false, false, false, false], ""time"": [3303, 4677, 6107, 7310, 8119, 8952]}}, ""flowchart"": {""index"": {""target"": [], ""time"": []}, ""answer"": {""target"": [], ""time"": []}, ""correct"": {""target"": [], ""time"": []}, ""answer_stats"": {""total"": [], ""correct"": []}}, ""quiz_selection"": {""gt"": [], ""answer"": [], ""tp"": [], ""fp"": [], ""tn"": [], ""fn"": [], ""num_tp"": 0, ""num_fp"": 0, ""num_tn"": 0, ""num_fn"": 0}, ""mouseover"": {""state"": {""target"": [], ""time"": []}, ""edge"": {""target"": [], ""time"": []}}, ""mouseout"": {""state"": {""target"": [], ""time"": []}, ""edge"": {""target"": [], ""time"": []}}}, ""trialTime"": 14955, ""trial_type"": ""mouselab-mdp"", ""trial_index"": 17, ""time_elapsed"": 588405, ""internal_node_id"": ""0.0-4.0-1.0-5.0""}, {""stateRewards"": ["""", 10, 5, 5, 10, 10, 10, 5, -5, 5, 10, 5, 5], ""trial_id"": 28, ""block"": ""testing"", ""trialIndex"": 7, ""score"": -4, ""expectedScore"": 0, ""expectedRewards"": 0, ""simulationMode"": [], ""rewards"": [], ""path"": [""0""], ""rt"": [], ""delays"": [], ""actions"": [], ""actionTimes"": [], ""queries"": {""preselect"": {""state"": {""target"": [], ""time"": []}, ""clickable"": {""target"": [], ""time"": []}}, ""click"": {""state"": {""target"": [""5"", ""6"", ""8"", ""7""], ""time"": [4822, 5670, 15140, 15753]}, ""edge"": {""target"": [], ""time"": []}, ""clickable"": {""target"": [true, false, true, true], ""time"": [4823, 5670, 15141, 15754]}}, ""flowchart"": {""index"": {""target"": [], ""time"": []}, ""answer"": {""target"": [], ""time"": []}, ""correct"": {""target"": [], ""time"": []}, ""answer_stats"": {""total"": [], ""correct"": []}}, ""quiz_selection"": {""gt"": [], ""answer"": [], ""tp"": [], ""fp"": [], ""tn"": [], ""fn"": [], ""num_tp"": 0, ""num_fp"": 0, ""num_tn"": 0, ""num_fn"": 0}, ""mouseover"": {""state"": {""target"": [], ""time"": []}, ""edge"": {""target"": [], ""time"": []}}, ""mouseout"": {""state"": {""target"": [], ""time"": []}, ""edge"": {""target"": [], ""time"": []}}}, ""trialTime"": 20093, ""trial_type"": ""mouselab-mdp"", ""trial_index"": 18, ""time_elapsed"": 609690, ""internal_node_id"": ""0.0-4.0-1.0-6.0""}, {""stateRewards"": ["""", -10, 10, 10, 5, -10, -10, 10, 5, -5, 5, 10, -10], ""trial_id"": 34, ""block"": ""testing"", ""trialIndex"": 8, ""score"": -8, ""expectedScore"": 0, ""expectedRewards"": 0, ""simulationMode"": [], ""rewards"": [], ""path"": [""0""], ""rt"": [], ""delays"": [], ""actions"": [], ""actionTimes"": [], ""queries"": {""preselect"": {""state"": {""target"": [], ""time"": []}, ""clickable"": {""target"": [], ""time"": []}}, ""click"": {""state"": {""target"": [""9"", ""8"", ""6"", ""1"", ""5"", ""10"", ""12"", ""11""], ""time"": [4684, 5767, 6398, 7457, 8439, 9134, 10113, 10602]}, ""edge"": {""target"": [], ""time"": []}, ""clickable"": {""target"": [true, false, true, true, true, true, false, false], ""time"": [4685, 5768, 6400, 7458, 8440, 9134, 10114, 10602]}}, ""flowchart"": {""index"": {""target"": [], ""time"": []}, ""answer"": {""target"": [], ""time"": []}, ""correct"": {""target"": [], ""time"": []}, ""answer_stats"": {""total"": [], ""correct"": []}}, ""quiz_selection"": {""gt"": [], ""answer"": [], ""tp"": [], ""fp"": [], ""tn"": [], ""fn"": [], ""num_tp"": 0, ""num_fp"": 0, ""num_tn"": 0, ""num_fn"": 0}, ""mouseover"": {""state"": {""target"": [], ""time"": []}, ""edge"": {""target"": [], ""time"": []}}, ""mouseout"": {""state"": {""target"": [], ""time"": []}, ""edge"": {""target"": [], ""time"": []}}}, ""trialTime"": 16010, ""trial_type"": ""mouselab-mdp"", ""trial_index"": 19, ""time_elapsed"": 626887, ""internal_node_id"": ""0.0-4.0-1.0-7.0""}, {""stateRewards"": ["""", 10, 10, -5, -5, 10, -5, 5, 10, -10, -5, 10, -5], ""trial_id"": 33, ""block"": ""testing"", ""trialIndex"": 9, ""score"": -10, ""expectedScore"": 0, ""expectedRewards"": 0, ""simulationMode"": [], ""rewards"": [], ""path"": [""0""], ""rt"": [], ""delays"": [], ""actions"": [], ""actionTimes"": [], ""queries"": {""preselect"": {""state"": {""target"": [], ""time"": []}, ""clickable"": {""target"": [], ""time"": []}}, ""click"": {""state"": {""target"": [""5"", ""2"", ""1"", ""6"", ""10"", ""9"", ""8"", ""7"", ""4"", ""3""], ""time"": [3184, 5147, 5933, 6656, 7498, 7905, 10830, 11347, 11772, 12282]}, ""edge"": {""target"": [], ""time"": []}, ""clickable"": {""target"": [true, false, false, false, false, false, true, true, true, true], ""time"": [3185, 5148, 5934, 6657, 7498, 7906, 10830, 11348, 11772, 12282]}}, ""flowchart"": {""index"": {""target"": [], ""time"": []}, ""answer"": {""target"": [], ""time"": []}, ""correct"": {""target"": [], ""time"": []}, ""answer_stats"": {""total"": [], ""correct"": []}}, ""quiz_selection"": {""gt"": [], ""answer"": [], ""tp"": [], ""fp"": [], ""tn"": [], ""fn"": [], ""num_tp"": 0, ""num_fp"": 0, ""num_tn"": 0, ""num_fn"": 0}, ""mouseover"": {""state"": {""target"": [], ""time"": []}, ""edge"": {""target"": [], ""time"": []}}, ""mouseout"": {""state"": {""target"": [], ""time"": []}, ""edge"": {""target"": [], ""time"": []}}}, ""trialTime"": 18731, ""trial_type"": ""mouselab-mdp"", ""trial_index"": 20, ""time_elapsed"": 646804, ""internal_node_id"": ""0.0-4.0-1.0-8.0""}, {""stateRewards"": ["""", -10, -10, -10, 10, 10, 10, -10, 5, 5, -10, -5, 10], ""trial_id"": 19, ""block"": ""testing"", ""trialIndex"": 10, ""score"": -8, ""expectedScore"": 0, ""expectedRewards"": 0, ""simulationMode"": [], ""rewards"": [], ""path"": [""0""], ""rt"": [], ""delays"": [], ""actions"": [], ""actionTimes"": [], ""queries"": {""preselect"": {""state"": {""target"": [], ""time"": []}, ""clickable"": {""target"": [], ""time"": []}}, ""click"": {""state"": {""target"": [""5"", ""6"", ""1"", ""2"", ""10"", ""9"", ""8"", ""7""], ""time"": [3429, 4412, 5259, 5832, 6832, 7324, 9125, 9730]}, ""edge"": {""target"": [], ""time"": []}, ""clickable"": {""target"": [true, false, false, false, false, false, true, true], ""time"": [3430, 4413, 5259, 5833, 6832, 7325, 9125, 9731]}}, ""flowchart"": {""index"": {""target"": [], ""time"": []}, ""answer"": {""target"": [], ""time"": []}, ""correct"": {""target"": [], ""time"": []}, ""answer_stats"": {""total"": [], ""correct"": []}}, ""quiz_selection"": {""gt"": [], ""answer"": [], ""tp"": [], ""fp"": [], ""tn"": [], ""fn"": [], ""num_tp"": 0, ""num_fp"": 0, ""num_tn"": 0, ""num_fn"": 0}, ""mouseover"": {""state"": {""target"": [], ""time"": []}, ""edge"": {""target"": [], ""time"": []}}, ""mouseout"": {""state"": {""target"": [], ""time"": []}, ""edge"": {""target"": [], ""time"": []}}}, ""trialTime"": 13626, ""trial_type"": ""mouselab-mdp"", ""trial_index"": 21, ""time_elapsed"": 661609, ""internal_node_id"": ""0.0-4.0-1.0-9.0""}]"
8,0,flowchart,4,7.1,1,1,-,-,0,"[{""stateRewards"": ["""", 5, -5, -10, -5, 10, 5, 5, 5, -10, -10, -10, 5], ""trial_id"": 12, ""block"": ""testing"", ""trialIndex"": 1, ""score"": -3, ""expectedScore"": 0, ""expectedRewards"": 0, ""simulationMode"": [], ""rewards"": [], ""path"": [""0""], ""rt"": [], ""delays"": [], ""actions"": [], ""actionTimes"": [], ""queries"": {""preselect"": {""state"": {""target"": [], ""time"": []}, ""clickable"": {""target"": [], ""time"": []}}, ""click"": {""state"": {""target"": [""10"", ""6"", ""5""], ""time"": [18952, 20856, 23484]}, ""edge"": {""target"": [], ""time"": []}, ""clickable"": {""target"": [true, true, true], ""time"": [18953, 20858, 23486]}}, ""flowchart"": {""index"": {""target"": [], ""time"": []}, ""answer"": {""target"": [], ""time"": []}, ""correct"": {""target"": [], ""time"": []}, ""answer_stats"": {""total"": [], ""correct"": []}}, ""quiz_selection"": {""gt"": [], ""answer"": [], ""tp"": [], ""fp"": [], ""tn"": [], ""fn"": [], ""num_tp"": 0, ""num_fp"": 0, ""num_tn"": 0, ""num_fn"": 0}, ""mouseover"": {""state"": {""target"": [], ""time"": []}, ""edge"": {""target"": [], ""time"": []}}, ""mouseout"": {""state"": {""target"": [], ""time"": []}, ""edge"": {""target"": [], ""time"": []}}}, ""trialTime"": 34270, ""trial_type"": ""mouselab-mdp"", ""trial_index"": 8, ""time_elapsed"": 239994, ""internal_node_id"": ""0.0-4.0-1.0-0.0""}, {""stateRewards"": ["""", -10, 10, -10, -5, 10, 10, -5, -10, 10, -10, -5, -5], ""trial_id"": 59, ""block"": ""testing"", ""trialIndex"": 2, ""score"": -4, ""expectedScore"": 0, ""expectedRewards"": 0, ""simulationMode"": [], ""rewards"": [], ""path"": [""0""], ""rt"": [], ""delays"": [], ""actions"": [], ""actionTimes"": [], ""queries"": {""preselect"": {""state"": {""target"": [], ""time"": []}, ""clickable"": {""target"": [], ""time"": []}}, ""click"": {""state"": {""target"": [""2"", ""1"", ""6"", ""5""], ""time"": [8934, 16175, 22952, 28284]}, ""edge"": {""target"": [], ""time"": []}, ""clickable"": {""target"": [true, false, false, false], ""time"": [8936, 16177, 22954, 28285]}}, ""flowchart"": {""index"": {""target"": [], ""time"": []}, ""answer"": {""target"": [], ""time"": []}, ""correct"": {""target"": [], ""time"": []}, ""answer_stats"": {""total"": [], ""correct"": []}}, ""quiz_selection"": {""gt"": [], ""answer"": [], ""tp"": [], ""fp"": [], ""tn"": [], ""fn"": [], ""num_tp"": 0, ""num_fp"": 0, ""num_tn"": 0, ""num_fn"": 0}, ""mouseover"": {""state"": {""target"": [], ""time"": []}, ""edge"": {""target"": [], ""time"": []}}, ""mouseout"": {""state"": {""target"": [], ""time"": []}, ""edge"": {""target"": [], ""time"": []}}}, ""trialTime"": 37063, ""trial_type"": ""mouselab-mdp"", ""trial_index"": 9, ""time_elapsed"": 278645, ""internal_node_id"": ""0.0-4.0-1.0-1.0""}, {""stateRewards"": ["""", 10, -10, 10, 5, 5, -10, -10, 10, -10, -5, 5, 10], ""trial_id"": 38, ""block"": ""testing"", ""trialIndex"": 3, ""score"": -5, ""expectedScore"": 0, ""expectedRewards"": 0, ""simulationMode"": [], ""rewards"": [], ""path"": [""0""], ""rt"": [], ""delays"": [], ""actions"": [], ""actionTimes"": [], ""queries"": {""preselect"": {""state"": {""target"": [], ""time"": []}, ""clickable"": {""target"": [], ""time"": []}}, ""click"": {""state"": {""target"": [""2"", ""6"", ""10"", ""9"", ""5""], ""time"": [5149, 7426, 9474, 11226, 13559]}, ""edge"": {""target"": [], ""time"": []}, ""clickable"": {""target"": [true, true, true, true, true], ""time"": [5150, 7428, 9475, 11228, 13560]}}, ""flowchart"": {""index"": {""target"": [], ""time"": []}, ""answer"": {""target"": [], ""time"": []}, ""correct"": {""target"": [], ""time"": []}, ""answer_stats"": {""total"": [], ""correct"": []}}, ""quiz_selection"": {""gt"": [], ""answer"": [], ""tp"": [], ""fp"": [], ""tn"": [], ""fn"": [], ""num_tp"": 0, ""num_fp"": 0, ""num_tn"": 0, ""num_fn"": 0}, ""mouseover"": {""state"": {""target"": [], ""time"": []}, ""edge"": {""target"": [], ""time"": []}}, ""mouseout"": {""state"": {""target"": [], ""time"": []}, ""edge"": {""target"": [], ""time"": []}}}, ""trialTime"": 21999, ""trial_type"": ""mouselab-mdp"", ""trial_index"": 10, ""time_elapsed"": 302039, ""internal_node_id"": ""0.0-4.0-1.0-2.0""}, {""stateRewards"": ["""", -5, -10, -5, -10, -10, -5, 10, -5, -10, 5, 10, -5], ""trial_id"": 57, ""block"": ""testing"", ""trialIndex"": 4, ""score"": -5, ""expectedScore"": 0, ""expectedRewards"": 0, ""simulationMode"": [], ""rewards"": [], ""path"": [""0""], ""rt"": [], ""delays"": [], ""actions"": [], ""actionTimes"": [], ""queries"": {""preselect"": {""state"": {""target"": [], ""time"": []}, ""clickable"": {""target"": [], ""time"": []}}, ""click"": {""state"": {""target"": [""2"", ""6"", ""10"", ""9"", ""5""], ""time"": [3912, 5322, 8351, 9561, 10877]}, ""edge"": {""target"": [], ""time"": []}, ""clickable"": {""target"": [true, true, true, true, true], ""time"": [3914, 5323, 8353, 9563, 10879]}}, ""flowchart"": {""index"": {""target"": [], ""time"": []}, ""answer"": {""target"": [], ""time"": []}, ""correct"": {""target"": [], ""time"": []}, ""answer_stats"": {""total"": [], ""correct"": []}}, ""quiz_selection"": {""gt"": [], ""answer"": [], ""tp"": [], ""fp"": [], ""tn"": [], ""fn"": [], ""num_tp"": 0, ""num_fp"": 0, ""num_tn"": 0, ""num_fn"": 0}, ""mouseover"": {""state"": {""target"": [], ""time"": []}, ""edge"": {""target"": [], ""time"": []}}, ""mouseout"": {""state"": {""target"": [], ""time"": []}, ""edge"": {""target"": [], ""time"": []}}}, ""trialTime"": 18434, ""trial_type"": ""mouselab-mdp"", ""trial_index"": 11, ""time_elapsed"": 321908, ""internal_node_id"": ""0.0-4.0-1.0-3.0""}, {""stateRewards"": ["""", 10, 5, -5, 5, -10, -10, 10, 10, -10, 10, -10, 5], ""trial_id"": 29, ""block"": ""testing"", ""trialIndex"": 5, ""score"": -2, ""expectedScore"": 0, ""expectedRewards"": 0, ""simulationMode"": [], ""rewards"": [], ""path"": [""0""], ""rt"": [], ""delays"": [], ""actions"": [], ""actionTimes"": [], ""queries"": {""preselect"": {""state"": {""target"": [], ""time"": []}, ""clickable"": {""target"": [], ""time"": []}}, ""click"": {""state"": {""target"": [""1"", ""2""], ""time"": [9044, 13171]}, ""edge"": {""target"": [], ""time"": []}, ""clickable"": {""target"": [true, false], ""time"": [9046, 13172]}}, ""flowchart"": {""index"": {""target"": [], ""time"": []}, ""answer"": {""target"": [], ""time"": []}, ""correct"": {""target"": [], ""time"": []}, ""answer_stats"": {""total"": [], ""correct"": []}}, ""quiz_selection"": {""gt"": [], ""answer"": [], ""tp"": [], ""fp"": [], ""tn"": [], ""fn"": [], ""num_tp"": 0, ""num_fp"": 0, ""num_tn"": 0, ""num_fn"": 0}, ""mouseover"": {""state"": {""target"": [], ""time"": []}, ""edge"": {""target"": [], ""time"": []}}, ""mouseout"": {""state"": {""target"": [], ""time"": []}, ""edge"": {""target"": [], ""time"": []}}}, ""trialTime"": 19313, ""trial_type"": ""mouselab-mdp"", ""trial_index"": 12, ""time_elapsed"": 342625, ""internal_node_id"": ""0.0-4.0-1.0-4.0""}, {""stateRewards"": ["""", -5, -10, 5, 10, 5, -10, -5, 10, 10, -5, 10, 5], ""trial_id"": 52, ""block"": ""testing"", ""trialIndex"": 6, ""score"": -4, ""expectedScore"": 0, ""expectedRewards"": 0, ""simulationMode"": [], ""rewards"": [], ""path"": [""0""], ""rt"": [], ""delays"": [], ""actions"": [], ""actionTimes"": [], ""queries"": {""preselect"": {""state"": {""target"": [], ""time"": []}, ""clickable"": {""target"": [], ""time"": []}}, ""click"": {""state"": {""target"": [""2"", ""6"", ""10"", ""9""], ""time"": [5686, 7043, 8154, 9242]}, ""edge"": {""target"": [], ""time"": []}, ""clickable"": {""target"": [true, true, true, true], ""time"": [5687, 7045, 8155, 9243]}}, ""flowchart"": {""index"": {""target"": [], ""time"": []}, ""answer"": {""target"": [], ""time"": []}, ""correct"": {""target"": [], ""time"": []}, ""answer_stats"": {""total"": [], ""correct"": []}}, ""quiz_selection"": {""gt"": [], ""answer"": [], ""tp"": [], ""fp"": [], ""tn"": [], ""fn"": [], ""num_tp"": 0, ""num_fp"": 0, ""num_tn"": 0, ""num_fn"": 0}, ""mouseover"": {""state"": {""target"": [], ""time"": []}, ""edge"": {""target"": [], ""time"": []}}, ""mouseout"": {""state"": {""target"": [], ""time"": []}, ""edge"": {""target"": [], ""time"": []}}}, ""trialTime"": 13710, ""trial_type"": ""mouselab-mdp"", ""trial_index"": 13, ""time_elapsed"": 357995, ""internal_node_id"": ""0.0-4.0-1.0-5.0""}, {""stateRewards"": ["""", 5, -5, -10, -10, 10, 5, 5, -10, -10, -5, 10, 5], ""trial_id"": 17, ""block"": ""testing"", ""trialIndex"": 7, ""score"": -4, ""expectedScore"": 0, ""expectedRewards"": 0, ""simulationMode"": [], ""rewards"": [], ""path"": [""0""], ""rt"": [], ""delays"": [], ""actions"": [], ""actionTimes"": [], ""queries"": {""preselect"": {""state"": {""target"": [], ""time"": []}, ""clickable"": {""target"": [], ""time"": []}}, ""click"": {""state"": {""target"": [""1"", ""2"", ""5"", ""6""], ""time"": [5440, 7481, 9407, 11465]}, ""edge"": {""target"": [], ""time"": []}, ""clickable"": {""target"": [true, true, true, false], ""time"": [5441, 7482, 9408, 11467]}}, ""flowchart"": {""index"": {""target"": [], ""time"": []}, ""answer"": {""target"": [], ""time"": []}, ""correct"": {""target"": [], ""time"": []}, ""answer_stats"": {""total"": [], ""correct"": []}}, ""quiz_selection"": {""gt"": [], ""answer"": [], ""tp"": [], ""fp"": [], ""tn"": [], ""fn"": [], ""num_tp"": 0, ""num_fp"": 0, ""num_tn"": 0, ""num_fn"": 0}, ""mouseover"": {""state"": {""target"": [], ""time"": []}, ""edge"": {""target"": [], ""time"": []}}, ""mouseout"": {""state"": {""target"": [], ""time"": []}, ""edge"": {""target"": [], ""time"": []}}}, ""trialTime"": 16593, ""trial_type"": ""mouselab-mdp"", ""trial_index"": 14, ""time_elapsed"": 375870, ""internal_node_id"": ""0.0-4.0-1.0-6.0""}, {""stateRewards"": ["""", -10, -10, 5, -10, -10, 5, -10, -10, -5, 10, 10, 5], ""trial_id"": 26, ""block"": ""testing"", ""trialIndex"": 8, ""score"": -4, ""expectedScore"": 0, ""expectedRewards"": 0, ""simulationMode"": [], ""rewards"": [], ""path"": [""0""], ""rt"": [], ""delays"": [], ""actions"": [], ""actionTimes"": [], ""queries"": {""preselect"": {""state"": {""target"": [], ""time"": []}, ""clickable"": {""target"": [], ""time"": []}}, ""click"": {""state"": {""target"": [""1"", ""5"", ""9"", ""10""], ""time"": [3303, 4633, 6287, 7127]}, ""edge"": {""target"": [], ""time"": []}, ""clickable"": {""target"": [true, true, true, true], ""time"": [3306, 4635, 6289, 7128]}}, ""flowchart"": {""index"": {""target"": [], ""time"": []}, ""answer"": {""target"": [], ""time"": []}, ""correct"": {""target"": [], ""time"": []}, ""answer_stats"": {""total"": [], ""correct"": []}}, ""quiz_selection"": {""gt"": [], ""answer"": [], ""tp"": [], ""fp"": [], ""tn"": [], ""fn"": [], ""num_tp"": 0, ""num_fp"": 0, ""num_tn"": 0, ""num_fn"": 0}, ""mouseover"": {""state"": {""target"": [], ""time"": []}, ""edge"": {""target"": [], ""time"": []}}, ""mouseout"": {""state"": {""target"": [], ""time"": []}, ""edge"": {""target"": [], ""time"": []}}}, ""trialTime"": 12033, ""trial_type"": ""mouselab-mdp"", ""trial_index"": 15, ""time_elapsed"": 389283, ""internal_node_id"": ""0.0-4.0-1.0-7.0""}, {""stateRewards"": ["""", 10, -5, -10, 10, -10, 10, 5, -5, -5, -5, 10, -5], ""trial_id"": 31, ""block"": ""testing"", ""trialIndex"": 9, ""score"": -2, ""expectedScore"": 0, ""expectedRewards"": 0, ""simulationMode"": [], ""rewards"": [], ""path"": [""0""], ""rt"": [], ""delays"": [], ""actions"": [], ""actionTimes"": [], ""queries"": {""preselect"": {""state"": {""target"": [], ""time"": []}, ""clickable"": {""target"": [], ""time"": []}}, ""click"": {""state"": {""target"": [""1"", ""2""], ""time"": [2803, 4397]}, ""edge"": {""target"": [], ""time"": []}, ""clickable"": {""target"": [true, false], ""time"": [2804, 4398]}}, ""flowchart"": {""index"": {""target"": [], ""time"": []}, ""answer"": {""target"": [], ""time"": []}, ""correct"": {""target"": [], ""time"": []}, ""answer_stats"": {""total"": [], ""correct"": []}}, ""quiz_selection"": {""gt"": [], ""answer"": [], ""tp"": [], ""fp"": [], ""tn"": [], ""fn"": [], ""num_tp"": 0, ""num_fp"": 0, ""num_tn"": 0, ""num_fn"": 0}, ""mouseover"": {""state"": {""target"": [], ""time"": []}, ""edge"": {""target"": [], ""time"": []}}, ""mouseout"": {""state"": {""target"": [], ""time"": []}, ""edge"": {""target"": [], ""time"": []}}}, ""trialTime"": 12193, ""trial_type"": ""mouselab-mdp"", ""trial_index"": 16, ""time_elapsed"": 402932, ""internal_node_id"": ""0.0-4.0-1.0-8.0""}, {""stateRewards"": ["""", -5, -10, 10, -5, 10, -10, 10, 10, -5, 10, -5, -10], ""trial_id"": 40, ""block"": ""testing"", ""trialIndex"": 10, ""score"": -4, ""expectedScore"": 0, ""expectedRewards"": 0, ""simulationMode"": [], ""rewards"": [], ""path"": [""0""], ""rt"": [], ""delays"": [], ""actions"": [], ""actionTimes"": [], ""queries"": {""preselect"": {""state"": {""target"": [], ""time"": []}, ""clickable"": {""target"": [], ""time"": []}}, ""click"": {""state"": {""target"": [""1"", ""5"", ""6"", ""9""], ""time"": [4700, 5927, 7076, 8017]}, ""edge"": {""target"": [], ""time"": []}, ""clickable"": {""target"": [true, true, false, false], ""time"": [4701, 5929, 7078, 8018]}}, ""flowchart"": {""index"": {""target"": [], ""time"": []}, ""answer"": {""target"": [], ""time"": []}, ""correct"": {""target"": [], ""time"": []}, ""answer_stats"": {""total"": [], ""correct"": []}}, ""quiz_selection"": {""gt"": [], ""answer"": [], ""tp"": [], ""fp"": [], ""tn"": [], ""fn"": [], ""num_tp"": 0, ""num_fp"": 0, ""num_tn"": 0, ""num_fn"": 0}, ""mouseover"": {""state"": {""target"": [], ""time"": []}, ""edge"": {""target"": [], ""time"": []}}, ""mouseout"": {""state"": {""target"": [], ""time"": []}, ""edge"": {""target"": [], ""time"": []}}}, ""trialTime"": 12541, ""trial_type"": ""mouselab-mdp"", ""trial_index"": 17, ""time_elapsed"": 416761, ""internal_node_id"": ""0.0-4.0-1.0-9.0""}]"
9,0,flowchart,4,10.6,1,5,30,female,0,"[{""stateRewards"": ["""", -5, -10, 10, -5, 10, -10, 10, 10, -5, 10, -5, -10], ""trial_id"": 40, ""block"": ""testing"", ""trialIndex"": 1, ""score"": -5, ""expectedScore"": 0, ""expectedRewards"": 0, ""simulationMode"": [], ""rewards"": [], ""path"": [""0""], ""rt"": [], ""delays"": [], ""actions"": [], ""actionTimes"": [], ""queries"": {""preselect"": {""state"": {""target"": [], ""time"": []}, ""clickable"": {""target"": [], ""time"": []}}, ""click"": {""state"": {""target"": [""9"", ""5"", ""8"", ""6"", ""7""], ""time"": [12254, 13695, 33680, 34589, 35552]}, ""edge"": {""target"": [], ""time"": []}, ""clickable"": {""target"": [true, true, true, false, true], ""time"": [12258, 13699, 33684, 34593, 35555]}}, ""flowchart"": {""index"": {""target"": [], ""time"": []}, ""answer"": {""target"": [], ""time"": []}, ""correct"": {""target"": [], ""time"": []}, ""answer_stats"": {""total"": [], ""correct"": []}}, ""quiz_selection"": {""gt"": [], ""answer"": [], ""tp"": [], ""fp"": [], ""tn"": [], ""fn"": [], ""num_tp"": 0, ""num_fp"": 0, ""num_tn"": 0, ""num_fn"": 0}, ""mouseover"": {""state"": {""target"": [], ""time"": []}, ""edge"": {""target"": [], ""time"": []}}, ""mouseout"": {""state"": {""target"": [], ""time"": []}, ""edge"": {""target"": [], ""time"": []}}}, ""trialTime"": 45823, ""trial_type"": ""mouselab-mdp"", ""trial_index"": 16, ""time_elapsed"": 394195, ""internal_node_id"": ""0.0-4.0-1.0-0.0""}, {""stateRewards"": ["""", -5, -10, 5, 10, 5, -10, -10, 10, -10, 5, -5, -5], ""trial_id"": 3, ""block"": ""testing"", ""trialIndex"": 2, ""score"": -5, ""expectedScore"": 0, ""expectedRewards"": 0, ""simulationMode"": [], ""rewards"": [], ""path"": [""0""], ""rt"": [], ""delays"": [], ""actions"": [], ""actionTimes"": [], ""queries"": {""preselect"": {""state"": {""target"": [], ""time"": []}, ""clickable"": {""target"": [], ""time"": []}}, ""click"": {""state"": {""target"": [""9"", ""5"", ""6"", ""1"", ""2""], ""time"": [6377, 7154, 8551, 9682, 10613]}, ""edge"": {""target"": [], ""time"": []}, ""clickable"": {""target"": [true, true, true, true, true], ""time"": [6382, 7158, 8554, 9686, 10616]}}, ""flowchart"": {""index"": {""target"": [], ""time"": []}, ""answer"": {""target"": [], ""time"": []}, ""correct"": {""target"": [], ""time"": []}, ""answer_stats"": {""total"": [], ""correct"": []}}, ""quiz_selection"": {""gt"": [], ""answer"": [], ""tp"": [], ""fp"": [], ""tn"": [], ""fn"": [], ""num_tp"": 0, ""num_fp"": 0, ""num_tn"": 0, ""num_fn"": 0}, ""mouseover"": {""state"": {""target"": [], ""time"": []}, ""edge"": {""target"": [], ""time"": []}}, ""mouseout"": {""state"": {""target"": [], ""time"": []}, ""edge"": {""target"": [], ""time"": []}}}, ""trialTime"": 20574, ""trial_type"": ""mouselab-mdp"", ""trial_index"": 17, ""time_elapsed"": 416308, ""internal_node_id"": ""0.0-4.0-1.0-1.0""}, {""stateRewards"": ["""", -5, -10, 10, 5, -5, -10, 10, 10, 10, -5, -10, -5], ""trial_id"": 27, ""block"": ""testing"", ""trialIndex"": 3, ""score"": -6, ""expectedScore"": 0, ""expectedRewards"": 0, ""simulationMode"": [], ""rewards"": [], ""path"": [""0""], ""rt"": [], ""delays"": [], ""actions"": [], ""actionTimes"": [], ""queries"": {""preselect"": {""state"": {""target"": [], ""time"": []}, ""clickable"": {""target"": [], ""time"": []}}, ""click"": {""state"": {""target"": [""9"", ""10"", ""12"", ""11"", ""5"", ""1""], ""time"": [6106, 11568, 17136, 18041, 21239, 22346]}, ""edge"": {""target"": [], ""time"": []}, ""clickable"": {""target"": [true, false, true, true, false, false], ""time"": [6109, 11571, 17139, 18044, 21242, 22358]}}, ""flowchart"": {""index"": {""target"": [], ""time"": []}, ""answer"": {""target"": [], ""time"": []}, ""correct"": {""target"": [], ""time"": []}, ""answer_stats"": {""total"": [], ""correct"": []}}, ""quiz_selection"": {""gt"": [], ""answer"": [], ""tp"": [], ""fp"": [], ""tn"": [], ""fn"": [], ""num_tp"": 0, ""num_fp"": 0, ""num_tn"": 0, ""num_fn"": 0}, ""mouseover"": {""state"": {""target"": [], ""time"": []}, ""edge"": {""target"": [], ""time"": []}}, ""mouseout"": {""state"": {""target"": [], ""time"": []}, ""edge"": {""target"": [], ""time"": []}}}, ""trialTime"": 26510, ""trial_type"": ""mouselab-mdp"", ""trial_index"": 18, ""time_elapsed"": 445172, ""internal_node_id"": ""0.0-4.0-1.0-2.0""}, {""stateRewards"": ["""", 10, 5, 5, 10, 10, 10, 5, -5, 5, 10, 5, 5], ""trial_id"": 28, ""block"": ""testing"", ""trialIndex"": 4, ""score"": -4, ""expectedScore"": 0, ""expectedRewards"": 0, ""simulationMode"": [], ""rewards"": [], ""path"": [""0""], ""rt"": [], ""delays"": [], ""actions"": [], ""actionTimes"": [], ""queries"": {""preselect"": {""state"": {""target"": [], ""time"": []}, ""clickable"": {""target"": [], ""time"": []}}, ""click"": {""state"": {""target"": [""9"", ""10"", ""12"", ""11""], ""time"": [4136, 5352, 10851, 11805]}, ""edge"": {""target"": [], ""time"": []}, ""clickable"": {""target"": [true, true, true, true], ""time"": [4139, 5355, 10854, 11811]}}, ""flowchart"": {""index"": {""target"": [], ""time"": []}, ""answer"": {""target"": [], ""time"": []}, ""correct"": {""target"": [], ""time"": []}, ""answer_stats"": {""total"": [], ""correct"": []}}, ""quiz_selection"": {""gt"": [], ""answer"": [], ""tp"": [], ""fp"": [], ""tn"": [], ""fn"": [], ""num_tp"": 0, ""num_fp"": 0, ""num_tn"": 0, ""num_fn"": 0}, ""mouseover"": {""state"": {""target"": [], ""time"": []}, ""edge"": {""target"": [], ""time"": []}}, ""mouseout"": {""state"": {""target"": [], ""time"": []}, ""edge"": {""target"": [], ""time"": []}}}, ""trialTime"": 16526, ""trial_type"": ""mouselab-mdp"", ""trial_index"": 19, ""time_elapsed"": 463760, ""internal_node_id"": ""0.0-4.0-1.0-3.0""}, {""stateRewards"": ["""", 10, -5, -5, -10, 5, -10, -5, 5, 10, -10, -5, -10], ""trial_id"": 43, ""block"": ""testing"", ""trialIndex"": 5, ""score"": -9, ""expectedScore"": 0, ""expectedRewards"": 0, ""simulationMode"": [], ""rewards"": [], ""path"": [""0""], ""rt"": [], ""delays"": [], ""actions"": [], ""actionTimes"": [], ""queries"": {""preselect"": {""state"": {""target"": [], ""time"": []}, ""clickable"": {""target"": [], ""time"": []}}, ""click"": {""state"": {""target"": [""5"", ""6"", ""1"", ""2"", ""4"", ""3"", ""9"", ""11"", ""12""], ""time"": [4429, 5718, 7200, 18986, 25818, 26533, 27914, 37763, 38490]}, ""edge"": {""target"": [], ""time"": []}, ""clickable"": {""target"": [true, true, true, false, true, true, false, false, false], ""time"": [4435, 5721, 7203, 18989, 25821, 26536, 27917, 37767, 38495]}}, ""flowchart"": {""index"": {""target"": [], ""time"": []}, ""answer"": {""target"": [], ""time"": []}, ""correct"": {""target"": [], ""time"": []}, ""answer_stats"": {""total"": [], ""correct"": []}}, ""quiz_selection"": {""gt"": [], ""answer"": [], ""tp"": [], ""fp"": [], ""tn"": [], ""fn"": [], ""num_tp"": 0, ""num_fp"": 0, ""num_tn"": 0, ""num_fn"": 0}, ""mouseover"": {""state"": {""target"": [], ""time"": []}, ""edge"": {""target"": [], ""time"": []}}, ""mouseout"": {""state"": {""target"": [], ""time"": []}, ""edge"": {""target"": [], ""time"": []}}}, ""trialTime"": 42190, ""trial_type"": ""mouselab-mdp"", ""trial_index"": 20, ""time_elapsed"": 508188, ""internal_node_id"": ""0.0-4.0-1.0-4.0""}, {""stateRewards"": ["""", -5, 10, -10, -10, 5, 5, -5, 5, 10, 5, -5, -5], ""trial_id"": 55, ""block"": ""testing"", ""trialIndex"": 6, ""score"": -2, ""expectedScore"": 0, ""expectedRewards"": 0, ""simulationMode"": [], ""rewards"": [], ""path"": [""0""], ""rt"": [], ""delays"": [], ""actions"": [], ""actionTimes"": [], ""queries"": {""preselect"": {""state"": {""target"": [], ""time"": []}, ""clickable"": {""target"": [], ""time"": []}}, ""click"": {""state"": {""target"": [""9"", ""10""], ""time"": [2836, 7687]}, ""edge"": {""target"": [], ""time"": []}, ""clickable"": {""target"": [true, false], ""time"": [2839, 7690]}}, ""flowchart"": {""index"": {""target"": [], ""time"": []}, ""answer"": {""target"": [], ""time"": []}, ""correct"": {""target"": [], ""time"": []}, ""answer_stats"": {""total"": [], ""correct"": []}}, ""quiz_selection"": {""gt"": [], ""answer"": [], ""tp"": [], ""fp"": [], ""tn"": [], ""fn"": [], ""num_tp"": 0, ""num_fp"": 0, ""num_tn"": 0, ""num_fn"": 0}, ""mouseover"": {""state"": {""target"": [], ""time"": []}, ""edge"": {""target"": [], ""time"": []}}, ""mouseout"": {""state"": {""target"": [], ""time"": []}, ""edge"": {""target"": [], ""time"": []}}}, ""trialTime"": 14405, ""trial_type"": ""mouselab-mdp"", ""trial_index"": 21, ""time_elapsed"": 524820, ""internal_node_id"": ""0.0-4.0-1.0-5.0""}, {""stateRewards"": ["""", -5, -10, -5, 5, 5, 5, -5, 5, 10, 10, -5, -5], ""trial_id"": 50, ""block"": ""testing"", ""trialIndex"": 7, ""score"": -2, ""expectedScore"": 0, ""expectedRewards"": 0, ""simulationMode"": [], ""rewards"": [], ""path"": [""0""], ""rt"": [], ""delays"": [], ""actions"": [], ""actionTimes"": [], ""queries"": {""preselect"": {""state"": {""target"": [], ""time"": []}, ""clickable"": {""target"": [], ""time"": []}}, ""click"": {""state"": {""target"": [""5"", ""6""], ""time"": [2402, 3438]}, ""edge"": {""target"": [], ""time"": []}, ""clickable"": {""target"": [true, true], ""time"": [2406, 3443]}}, ""flowchart"": {""index"": {""target"": [], ""time"": []}, ""answer"": {""target"": [], ""time"": []}, ""correct"": {""target"": [], ""time"": []}, ""answer_stats"": {""total"": [], ""correct"": []}}, ""quiz_selection"": {""gt"": [], ""answer"": [], ""tp"": [], ""fp"": [], ""tn"": [], ""fn"": [], ""num_tp"": 0, ""num_fp"": 0, ""num_tn"": 0, ""num_fn"": 0}, ""mouseover"": {""state"": {""target"": [], ""time"": []}, ""edge"": {""target"": [], ""time"": []}}, ""mouseout"": {""state"": {""target"": [], ""time"": []}, ""edge"": {""target"": [], ""time"": []}}}, ""trialTime"": 13157, ""trial_type"": ""mouselab-mdp"", ""trial_index"": 22, ""time_elapsed"": 540165, ""internal_node_id"": ""0.0-4.0-1.0-6.0""}, {""stateRewards"": ["""", 5, -5, 10, -5, -10, 10, -10, 10, 5, -10, -10, -5], ""trial_id"": 15, ""block"": ""testing"", ""trialIndex"": 8, ""score"": -4, ""expectedScore"": 0, ""expectedRewards"": 0, ""simulationMode"": [], ""rewards"": [], ""path"": [""0""], ""rt"": [], ""delays"": [], ""actions"": [], ""actionTimes"": [], ""queries"": {""preselect"": {""state"": {""target"": [], ""time"": []}, ""clickable"": {""target"": [], ""time"": []}}, ""click"": {""state"": {""target"": [""10"", ""5"", ""1"", ""2""], ""time"": [3088, 5275, 6170, 7846]}, ""edge"": {""target"": [], ""time"": []}, ""clickable"": {""target"": [true, true, true, true], ""time"": [3091, 5278, 6173, 7850]}}, ""flowchart"": {""index"": {""target"": [], ""time"": []}, ""answer"": {""target"": [], ""time"": []}, ""correct"": {""target"": [], ""time"": []}, ""answer_stats"": {""total"": [], ""correct"": []}}, ""quiz_selection"": {""gt"": [], ""answer"": [], ""tp"": [], ""fp"": [], ""tn"": [], ""fn"": [], ""num_tp"": 0, ""num_fp"": 0, ""num_tn"": 0, ""num_fn"": 0}, ""mouseover"": {""state"": {""target"": [], ""time"": []}, ""edge"": {""target"": [], ""time"": []}}, ""mouseout"": {""state"": {""target"": [], ""time"": []}, ""edge"": {""target"": [], ""time"": []}}}, ""trialTime"": 14629, ""trial_type"": ""mouselab-mdp"", ""trial_index"": 23, ""time_elapsed"": 556896, ""internal_node_id"": ""0.0-4.0-1.0-7.0""}, {""stateRewards"": ["""", -5, -5, 5, -10, -5, 5, -5, -5, 5, -10, -5, 10], ""trial_id"": 6, ""block"": ""testing"", ""trialIndex"": 9, ""score"": -5, ""expectedScore"": 0, ""expectedRewards"": 0, ""simulationMode"": [], ""rewards"": [], ""path"": [""0""], ""rt"": [], ""delays"": [], ""actions"": [], ""actionTimes"": [], ""queries"": {""preselect"": {""state"": {""target"": [], ""time"": []}, ""clickable"": {""target"": [], ""time"": []}}, ""click"": {""state"": {""target"": [""5"", ""1"", ""9"", ""10"", ""6""], ""time"": [4185, 5364, 6668, 7830, 10101]}, ""edge"": {""target"": [], ""time"": []}, ""clickable"": {""target"": [true, true, true, true, true], ""time"": [4188, 5367, 6672, 7834, 10104]}}, ""flowchart"": {""index"": {""target"": [], ""time"": []}, ""answer"": {""target"": [], ""time"": []}, ""correct"": {""target"": [], ""time"": []}, ""answer_stats"": {""total"": [], ""correct"": []}}, ""quiz_selection"": {""gt"": [], ""answer"": [], ""tp"": [], ""fp"": [], ""tn"": [], ""fn"": [], ""num_tp"": 0, ""num_fp"": 0, ""num_tn"": 0, ""num_fn"": 0}, ""mouseover"": {""state"": {""target"": [], ""time"": []}, ""edge"": {""target"": [], ""time"": []}}, ""mouseout"": {""state"": {""target"": [], ""time"": []}, ""edge"": {""target"": [], ""time"": []}}}, ""trialTime"": 15003, ""trial_type"": ""mouselab-mdp"", ""trial_index"": 24, ""time_elapsed"": 574067, ""internal_node_id"": ""0.0-4.0-1.0-8.0""}, {""stateRewards"": ["""", 5, 10, 5, 10, -10, 10, -10, -10, -5, -10, -10, 10], ""trial_id"": 13, ""block"": ""testing"", ""trialIndex"": 10, ""score"": -5, ""expectedScore"": 0, ""expectedRewards"": 0, ""simulationMode"": [], ""rewards"": [], ""path"": [""0""], ""rt"": [], ""delays"": [], ""actions"": [], ""actionTimes"": [], ""queries"": {""preselect"": {""state"": {""target"": [], ""time"": []}, ""clickable"": {""target"": [], ""time"": []}}, ""click"": {""state"": {""target"": [""5"", ""1"", ""2"", ""4"", ""3""], ""time"": [1794, 2773, 4066, 8661, 9432]}, ""edge"": {""target"": [], ""time"": []}, ""clickable"": {""target"": [true, true, true, true, true], ""time"": [1802, 2777, 4069, 8664, 9436]}}, ""flowchart"": {""index"": {""target"": [], ""time"": []}, ""answer"": {""target"": [], ""time"": []}, ""correct"": {""target"": [], ""time"": []}, ""answer_stats"": {""total"": [], ""correct"": []}}, ""quiz_selection"": {""gt"": [], ""answer"": [], ""tp"": [], ""fp"": [], ""tn"": [], ""fn"": [], ""num_tp"": 0, ""num_fp"": 0, ""num_tn"": 0, ""num_fn"": 0}, ""mouseover"": {""state"": {""target"": [], ""time"": []}, ""edge"": {""target"": [], ""time"": []}}, ""mouseout"": {""state"": {""target"": [], ""time"": []}, ""edge"": {""target"": [], ""time"": []}}}, ""trialTime"": 12915, ""trial_type"": ""mouselab-mdp"", ""trial_index"": 25, ""time_elapsed"": 589179, ""internal_node_id"": ""0.0-4.0-1.0-9.0""}]"
10,0,flowchart,4,14.3,1,2,27,female.,0,"[{""stateRewards"": ["""", 5, -10, -5, -10, 5, -10, -5, -10, 5, -10, -5, -5], ""trial_id"": 58, ""block"": ""testing"", ""trialIndex"": 1, ""score"": -12, ""expectedScore"": 0, ""expectedRewards"": 0, ""simulationMode"": [], ""rewards"": [], ""path"": [""0""], ""rt"": [], ""delays"": [], ""actions"": [], ""actionTimes"": [], ""queries"": {""preselect"": {""state"": {""target"": [], ""time"": []}, ""clickable"": {""target"": [], ""time"": []}}, ""click"": {""state"": {""target"": [""1"", ""2"", ""5"", ""6"", ""9"", ""10"", ""12"", ""11"", ""8"", ""7"", ""4"", ""3""], ""time"": [40049, 45824, 48723, 50817, 52657, 55370, 58757, 60160, 61758, 63922, 65310, 66368]}, ""edge"": {""target"": [], ""time"": []}, ""clickable"": {""target"": [true, true, true, true, true, true, false, false, false, false, false, false], ""time"": [40051, 45826, 48725, 50818, 52658, 55372, 58758, 60161, 61760, 63924, 65311, 66370]}}, ""flowchart"": {""index"": {""target"": [], ""time"": []}, ""answer"": {""target"": [], ""time"": []}, ""correct"": {""target"": [], ""time"": []}, ""answer_stats"": {""total"": [], ""correct"": []}}, ""quiz_selection"": {""gt"": [], ""answer"": [], ""tp"": [], ""fp"": [], ""tn"": [], ""fn"": [], ""num_tp"": 0, ""num_fp"": 0, ""num_tn"": 0, ""num_fn"": 0}, ""mouseover"": {""state"": {""target"": [], ""time"": []}, ""edge"": {""target"": [], ""time"": []}}, ""mouseout"": {""state"": {""target"": [], ""time"": []}, ""edge"": {""target"": [], ""time"": []}}}, ""trialTime"": 77274, ""trial_type"": ""mouselab-mdp"", ""trial_index"": 10, ""time_elapsed"": 425984, ""internal_node_id"": ""0.0-4.0-1.0-0.0""}, {""stateRewards"": ["""", 5, -5, -10, -5, 10, 5, 5, 5, -10, -10, -10, 5], ""trial_id"": 12, ""block"": ""testing"", ""trialIndex"": 2, ""score"": -8, ""expectedScore"": 0, ""expectedRewards"": 0, ""simulationMode"": [], ""rewards"": [], ""path"": [""0""], ""rt"": [], ""delays"": [], ""actions"": [], ""actionTimes"": [], ""queries"": {""preselect"": {""state"": {""target"": [], ""time"": []}, ""clickable"": {""target"": [], ""time"": []}}, ""click"": {""state"": {""target"": [""1"", ""2"", ""4"", ""3"", ""5"", ""6"", ""7"", ""8""], ""time"": [6009, 7288, 11876, 12905, 14406, 24363, 27191, 39024]}, ""edge"": {""target"": [], ""time"": []}, ""clickable"": {""target"": [true, true, false, false, true, false, true, true], ""time"": [6011, 7290, 11878, 12907, 14407, 24364, 27193, 39026]}}, ""flowchart"": {""index"": {""target"": [], ""time"": []}, ""answer"": {""target"": [], ""time"": []}, ""correct"": {""target"": [], ""time"": []}, ""answer_stats"": {""total"": [], ""correct"": []}}, ""quiz_selection"": {""gt"": [], ""answer"": [], ""tp"": [], ""fp"": [], ""tn"": [], ""fn"": [], ""num_tp"": 0, ""num_fp"": 0, ""num_tn"": 0, ""num_fn"": 0}, ""mouseover"": {""state"": {""target"": [], ""time"": []}, ""edge"": {""target"": [], ""time"": []}}, ""mouseout"": {""state"": {""target"": [], ""time"": []}, ""edge"": {""target"": [], ""time"": []}}}, ""trialTime"": 52700, ""trial_type"": ""mouselab-mdp"", ""trial_index"": 11, ""time_elapsed"": 482192, ""internal_node_id"": ""0.0-4.0-1.0-1.0""}, {""stateRewards"": ["""", -5, -10, 5, 10, 5, -10, -10, 10, -10, 5, -5, -5], ""trial_id"": 3, ""block"": ""testing"", ""trialIndex"": 3, ""score"": -5, ""expectedScore"": 0, ""expectedRewards"": 0, ""simulationMode"": [], ""rewards"": [], ""path"": [""0""], ""rt"": [], ""delays"": [], ""actions"": [], ""actionTimes"": [], ""queries"": {""preselect"": {""state"": {""target"": [], ""time"": []}, ""clickable"": {""target"": [], ""time"": []}}, ""click"": {""state"": {""target"": [""1"", ""5"", ""6"", ""9"", ""2""], ""time"": [14671, 18597, 23753, 26352, 35021]}, ""edge"": {""target"": [], ""time"": []}, ""clickable"": {""target"": [true, true, true, true, true], ""time"": [14673, 18598, 23754, 26354, 35023]}}, ""flowchart"": {""index"": {""target"": [], ""time"": []}, ""answer"": {""target"": [], ""time"": []}, ""correct"": {""target"": [], ""time"": []}, ""answer_stats"": {""total"": [], ""correct"": []}}, ""quiz_selection"": {""gt"": [], ""answer"": [], ""tp"": [], ""fp"": [], ""tn"": [], ""fn"": [], ""num_tp"": 0, ""num_fp"": 0, ""num_tn"": 0, ""num_fn"": 0}, ""mouseover"": {""state"": {""target"": [], ""time"": []}, ""edge"": {""target"": [], ""time"": []}}, ""mouseout"": {""state"": {""target"": [], ""time"": []}, ""edge"": {""target"": [], ""time"": []}}}, ""trialTime"": 49300, ""trial_type"": ""mouselab-mdp"", ""trial_index"": 12, ""time_elapsed"": 533193, ""internal_node_id"": ""0.0-4.0-1.0-2.0""}, {""stateRewards"": ["""", 10, 10, 10, 10, -5, -5, 10, 10, -5, 10, -10, -10], ""trial_id"": 47, ""block"": ""testing"", ""trialIndex"": 4, ""score"": -5, ""expectedScore"": 0, ""expectedRewards"": 0, ""simulationMode"": [], ""rewards"": [], ""path"": [""0""], ""rt"": [], ""delays"": [], ""actions"": [], ""actionTimes"": [], ""queries"": {""preselect"": {""state"": {""target"": [], ""time"": []}, ""clickable"": {""target"": [], ""time"": []}}, ""click"": {""state"": {""target"": [""5"", ""1"", ""2"", ""4"", ""3""], ""time"": [9719, 13325, 19269, 20381, 22778]}, ""edge"": {""target"": [], ""time"": []}, ""clickable"": {""target"": [true, true, false, true, true], ""time"": [9720, 13326, 19270, 20383, 22780]}}, ""flowchart"": {""index"": {""target"": [], ""time"": []}, ""answer"": {""target"": [], ""time"": []}, ""correct"": {""target"": [], ""time"": []}, ""answer_stats"": {""total"": [], ""correct"": []}}, ""quiz_selection"": {""gt"": [], ""answer"": [], ""tp"": [], ""fp"": [], ""tn"": [], ""fn"": [], ""num_tp"": 0, ""num_fp"": 0, ""num_tn"": 0, ""num_fn"": 0}, ""mouseover"": {""state"": {""target"": [], ""time"": []}, ""edge"": {""target"": [], ""time"": []}}, ""mouseout"": {""state"": {""target"": [], ""time"": []}, ""edge"": {""target"": [], ""time"": []}}}, ""trialTime"": 27576, ""trial_type"": ""mouselab-mdp"", ""trial_index"": 13, ""time_elapsed"": 563784, ""internal_node_id"": ""0.0-4.0-1.0-3.0""}, {""stateRewards"": ["""", 5, -5, -10, -10, 10, 5, 5, -10, -10, -5, 10, 5], ""trial_id"": 17, ""block"": ""testing"", ""trialIndex"": 5, ""score"": -3, ""expectedScore"": 0, ""expectedRewards"": 0, ""simulationMode"": [], ""rewards"": [], ""path"": [""0""], ""rt"": [], ""delays"": [], ""actions"": [], ""actionTimes"": [], ""queries"": {""preselect"": {""state"": {""target"": [], ""time"": []}, ""clickable"": {""target"": [], ""time"": []}}, ""click"": {""state"": {""target"": [""5"", ""7"", ""8""], ""time"": [5756, 27041, 28576]}, ""edge"": {""target"": [], ""time"": []}, ""clickable"": {""target"": [true, true, true], ""time"": [5759, 27043, 28577]}}, ""flowchart"": {""index"": {""target"": [], ""time"": []}, ""answer"": {""target"": [], ""time"": []}, ""correct"": {""target"": [], ""time"": []}, ""answer_stats"": {""total"": [], ""correct"": []}}, ""quiz_selection"": {""gt"": [], ""answer"": [], ""tp"": [], ""fp"": [], ""tn"": [], ""fn"": [], ""num_tp"": 0, ""num_fp"": 0, ""num_tn"": 0, ""num_fn"": 0}, ""mouseover"": {""state"": {""target"": [], ""time"": []}, ""edge"": {""target"": [], ""time"": []}}, ""mouseout"": {""state"": {""target"": [], ""time"": []}, ""edge"": {""target"": [], ""time"": []}}}, ""trialTime"": 34246, ""trial_type"": ""mouselab-mdp"", ""trial_index"": 14, ""time_elapsed"": 600042, ""internal_node_id"": ""0.0-4.0-1.0-4.0""}, {""stateRewards"": ["""", -10, 5, 10, 5, -10, 5, -5, 5, 10, 5, 5, -5], ""trial_id"": 41, ""block"": ""testing"", ""trialIndex"": 6, ""score"": -4, ""expectedScore"": 0, ""expectedRewards"": 0, ""simulationMode"": [], ""rewards"": [], ""path"": [""0""], ""rt"": [], ""delays"": [], ""actions"": [], ""actionTimes"": [], ""queries"": {""preselect"": {""state"": {""target"": [], ""time"": []}, ""clickable"": {""target"": [], ""time"": []}}, ""click"": {""state"": {""target"": [""5"", ""9"", ""12"", ""11""], ""time"": [8832, 13038, 21749, 22922]}, ""edge"": {""target"": [], ""time"": []}, ""clickable"": {""target"": [true, true, true, true], ""time"": [8834, 13039, 21752, 22924]}}, ""flowchart"": {""index"": {""target"": [], ""time"": []}, ""answer"": {""target"": [], ""time"": []}, ""correct"": {""target"": [], ""time"": []}, ""answer_stats"": {""total"": [], ""correct"": []}}, ""quiz_selection"": {""gt"": [], ""answer"": [], ""tp"": [], ""fp"": [], ""tn"": [], ""fn"": [], ""num_tp"": 0, ""num_fp"": 0, ""num_tn"": 0, ""num_fn"": 0}, ""mouseover"": {""state"": {""target"": [], ""time"": []}, ""edge"": {""target"": [], ""time"": []}}, ""mouseout"": {""state"": {""target"": [], ""time"": []}, ""edge"": {""target"": [], ""time"": []}}}, ""trialTime"": 27326, ""trial_type"": ""mouselab-mdp"", ""trial_index"": 15, ""time_elapsed"": 630196, ""internal_node_id"": ""0.0-4.0-1.0-5.0""}, {""stateRewards"": ["""", 5, -5, 5, 10, 10, -10, -5, -5, 5, -10, 5, 10], ""trial_id"": 1, ""block"": ""testing"", ""trialIndex"": 7, ""score"": -5, ""expectedScore"": 0, ""expectedRewards"": 0, ""simulationMode"": [], ""rewards"": [], ""path"": [""0""], ""rt"": [], ""delays"": [], ""actions"": [], ""actionTimes"": [], ""queries"": {""preselect"": {""state"": {""target"": [], ""time"": []}, ""clickable"": {""target"": [], ""time"": []}}, ""click"": {""state"": {""target"": [""9"", ""10"", ""5"", ""7"", ""8""], ""time"": [13653, 18524, 20344, 34555, 35714]}, ""edge"": {""target"": [], ""time"": []}, ""clickable"": {""target"": [true, true, true, true, true], ""time"": [13654, 18525, 20346, 34556, 35716]}}, ""flowchart"": {""index"": {""target"": [], ""time"": []}, ""answer"": {""target"": [], ""time"": []}, ""correct"": {""target"": [], ""time"": []}, ""answer_stats"": {""total"": [], ""correct"": []}}, ""quiz_selection"": {""gt"": [], ""answer"": [], ""tp"": [], ""fp"": [], ""tn"": [], ""fn"": [], ""num_tp"": 0, ""num_fp"": 0, ""num_tn"": 0, ""num_fn"": 0}, ""mouseover"": {""state"": {""target"": [], ""time"": []}, ""edge"": {""target"": [], ""time"": []}}, ""mouseout"": {""state"": {""target"": [], ""time"": []}, ""edge"": {""target"": [], ""time"": []}}}, ""trialTime"": 46768, ""trial_type"": ""mouselab-mdp"", ""trial_index"": 16, ""time_elapsed"": 679033, ""internal_node_id"": ""0.0-4.0-1.0-6.0""}, {""stateRewards"": ["""", -10, -10, 5, -10, -10, 5, -10, -10, -5, 10, 10, 5], ""trial_id"": 26, ""block"": ""testing"", ""trialIndex"": 8, ""score"": -6, ""expectedScore"": 0, ""expectedRewards"": 0, ""simulationMode"": [], ""rewards"": [], ""path"": [""0""], ""rt"": [], ""delays"": [], ""actions"": [], ""actionTimes"": [], ""queries"": {""preselect"": {""state"": {""target"": [], ""time"": []}, ""clickable"": {""target"": [], ""time"": []}}, ""click"": {""state"": {""target"": [""5"", ""1"", ""9"", ""10"", ""12"", ""11""], ""time"": [4658, 6244, 8280, 10986, 16775, 18187]}, ""edge"": {""target"": [], ""time"": []}, ""clickable"": {""target"": [true, true, true, true, true, true], ""time"": [4660, 6246, 8282, 10988, 16776, 18188]}}, ""flowchart"": {""index"": {""target"": [], ""time"": []}, ""answer"": {""target"": [], ""time"": []}, ""correct"": {""target"": [], ""time"": []}, ""answer_stats"": {""total"": [], ""correct"": []}}, ""quiz_selection"": {""gt"": [], ""answer"": [], ""tp"": [], ""fp"": [], ""tn"": [], ""fn"": [], ""num_tp"": 0, ""num_fp"": 0, ""num_tn"": 0, ""num_fn"": 0}, ""mouseover"": {""state"": {""target"": [], ""time"": []}, ""edge"": {""target"": [], ""time"": []}}, ""mouseout"": {""state"": {""target"": [], ""time"": []}, ""edge"": {""target"": [], ""time"": []}}}, ""trialTime"": 22877, ""trial_type"": ""mouselab-mdp"", ""trial_index"": 17, ""time_elapsed"": 705313, ""internal_node_id"": ""0.0-4.0-1.0-7.0""}, {""stateRewards"": ["""", 5, 10, -10, -10, 5, -5, 5, -5, 5, -10, 5, -10], ""trial_id"": 21, ""block"": ""testing"", ""trialIndex"": 9, ""score"": -8, ""expectedScore"": 0, ""expectedRewards"": 0, ""simulationMode"": [], ""rewards"": [], ""path"": [""0""], ""rt"": [], ""delays"": [], ""actions"": [], ""actionTimes"": [], ""queries"": {""preselect"": {""state"": {""target"": [], ""time"": []}, ""clickable"": {""target"": [], ""time"": []}}, ""click"": {""state"": {""target"": [""5"", ""6"", ""9"", ""10"", ""1"", ""2"", ""4"", ""3""], ""time"": [3204, 5791, 7757, 9824, 11353, 13138, 16186, 17205]}, ""edge"": {""target"": [], ""time"": []}, ""clickable"": {""target"": [true, true, true, true, true, true, true, true], ""time"": [3206, 5792, 7758, 9825, 11355, 13139, 16188, 17207]}}, ""flowchart"": {""index"": {""target"": [], ""time"": []}, ""answer"": {""target"": [], ""time"": []}, ""correct"": {""target"": [], ""time"": []}, ""answer_stats"": {""total"": [], ""correct"": []}}, ""quiz_selection"": {""gt"": [], ""answer"": [], ""tp"": [], ""fp"": [], ""tn"": [], ""fn"": [], ""num_tp"": 0, ""num_fp"": 0, ""num_tn"": 0, ""num_fn"": 0}, ""mouseover"": {""state"": {""target"": [], ""time"": []}, ""edge"": {""target"": [], ""time"": []}}, ""mouseout"": {""state"": {""target"": [], ""time"": []}, ""edge"": {""target"": [], ""time"": []}}}, ""trialTime"": 24223, ""trial_type"": ""mouselab-mdp"", ""trial_index"": 18, ""time_elapsed"": 731548, ""internal_node_id"": ""0.0-4.0-1.0-8.0""}, {""stateRewards"": ["""", 10, -10, -10, -5, -10, 10, -10, -5, 10, 10, 5, -5], ""trial_id"": 7, ""block"": ""testing"", ""trialIndex"": 10, ""score"": -3, ""expectedScore"": 0, ""expectedRewards"": 0, ""simulationMode"": [], ""rewards"": [], ""path"": [""0""], ""rt"": [], ""delays"": [], ""actions"": [], ""actionTimes"": [], ""queries"": {""preselect"": {""state"": {""target"": [], ""time"": []}, ""clickable"": {""target"": [], ""time"": []}}, ""click"": {""state"": {""target"": [""9"", ""12"", ""11""], ""time"": [2690, 14159, 15534]}, ""edge"": {""target"": [], ""time"": []}, ""clickable"": {""target"": [true, true, true], ""time"": [2691, 14160, 15536]}}, ""flowchart"": {""index"": {""target"": [], ""time"": []}, ""answer"": {""target"": [], ""time"": []}, ""correct"": {""target"": [], ""time"": []}, ""answer_stats"": {""total"": [], ""correct"": []}}, ""quiz_selection"": {""gt"": [], ""answer"": [], ""tp"": [], ""fp"": [], ""tn"": [], ""fn"": [], ""num_tp"": 0, ""num_fp"": 0, ""num_tn"": 0, ""num_fn"": 0}, ""mouseover"": {""state"": {""target"": [], ""time"": []}, ""edge"": {""target"": [], ""time"": []}}, ""mouseout"": {""state"": {""target"": [], ""time"": []}, ""edge"": {""target"": [], ""time"": []}}}, ""trialTime"": 21138, ""trial_type"": ""mouselab-mdp"", ""trial_index"": 19, ""time_elapsed"": 754782, ""internal_node_id"": ""0.0-4.0-1.0-9.0""}]"
11,0,flowchart,4,9.7,1,1,20,female,0,"[{""stateRewards"": ["""", -5, -5, 5, 10, 10, -10, -10, -10, -10, 10, 10, 10], ""trial_id"": 4, ""block"": ""testing"", ""trialIndex"": 1, ""score"": -5, ""expectedScore"": 0, ""expectedRewards"": 0, ""simulationMode"": [], ""rewards"": [], ""path"": [""0""], ""rt"": [], ""delays"": [], ""actions"": [], ""actionTimes"": [], ""queries"": {""preselect"": {""state"": {""target"": [], ""time"": []}, ""clickable"": {""target"": [], ""time"": []}}, ""click"": {""state"": {""target"": [""9"", ""5"", ""8"", ""7"", ""1""], ""time"": [10996, 21789, 43359, 46095, 51461]}, ""edge"": {""target"": [], ""time"": []}, ""clickable"": {""target"": [true, true, true, true, false], ""time"": [10996, 21789, 43360, 46096, 51462]}}, ""flowchart"": {""index"": {""target"": [], ""time"": []}, ""answer"": {""target"": [], ""time"": []}, ""correct"": {""target"": [], ""time"": []}, ""answer_stats"": {""total"": [], ""correct"": []}}, ""quiz_selection"": {""gt"": [], ""answer"": [], ""tp"": [], ""fp"": [], ""tn"": [], ""fn"": [], ""num_tp"": 0, ""num_fp"": 0, ""num_tn"": 0, ""num_fn"": 0}, ""mouseover"": {""state"": {""target"": [], ""time"": []}, ""edge"": {""target"": [], ""time"": []}}, ""mouseout"": {""state"": {""target"": [], ""time"": []}, ""edge"": {""target"": [], ""time"": []}}}, ""trialTime"": 71271, ""trial_type"": ""mouselab-mdp"", ""trial_index"": 8, ""time_elapsed"": 295782, ""internal_node_id"": ""0.0-4.0-1.0-0.0""}, {""stateRewards"": ["""", -10, -10, -10, -5, 10, 5, -10, 10, 10, -5, -5, 5], ""trial_id"": 20, ""block"": ""testing"", ""trialIndex"": 2, ""score"": -3, ""expectedScore"": 0, ""expectedRewards"": 0, ""simulationMode"": [], ""rewards"": [], ""path"": [""0""], ""rt"": [], ""delays"": [], ""actions"": [], ""actionTimes"": [], ""queries"": {""preselect"": {""state"": {""target"": [], ""time"": []}, ""clickable"": {""target"": [], ""time"": []}}, ""click"": {""state"": {""target"": [""9"", ""12"", ""11""], ""time"": [11879, 30696, 35141]}, ""edge"": {""target"": [], ""time"": []}, ""clickable"": {""target"": [true, true, true], ""time"": [11879, 30696, 35142]}}, ""flowchart"": {""index"": {""target"": [], ""time"": []}, ""answer"": {""target"": [], ""time"": []}, ""correct"": {""target"": [], ""time"": []}, ""answer_stats"": {""total"": [], ""correct"": []}}, ""quiz_selection"": {""gt"": [], ""answer"": [], ""tp"": [], ""fp"": [], ""tn"": [], ""fn"": [], ""num_tp"": 0, ""num_fp"": 0, ""num_tn"": 0, ""num_fn"": 0}, ""mouseover"": {""state"": {""target"": [], ""time"": []}, ""edge"": {""target"": [], ""time"": []}}, ""mouseout"": {""state"": {""target"": [], ""time"": []}, ""edge"": {""target"": [], ""time"": []}}}, ""trialTime"": 43762, ""trial_type"": ""mouselab-mdp"", ""trial_index"": 9, ""time_elapsed"": 341068, ""internal_node_id"": ""0.0-4.0-1.0-1.0""}, {""stateRewards"": ["""", 5, 5, -10, -10, 10, 5, 5, 5, -5, 10, -5, -10], ""trial_id"": 16, ""block"": ""testing"", ""trialIndex"": 3, ""score"": -4, ""expectedScore"": 0, ""expectedRewards"": 0, ""simulationMode"": [], ""rewards"": [], ""path"": [""0""], ""rt"": [], ""delays"": [], ""actions"": [], ""actionTimes"": [], ""queries"": {""preselect"": {""state"": {""target"": [], ""time"": []}, ""clickable"": {""target"": [], ""time"": []}}, ""click"": {""state"": {""target"": [""9"", ""5"", ""8"", ""7""], ""time"": [6240, 10024, 23032, 25612]}, ""edge"": {""target"": [], ""time"": []}, ""clickable"": {""target"": [true, true, true, true], ""time"": [6240, 10025, 23032, 25613]}}, ""flowchart"": {""index"": {""target"": [], ""time"": []}, ""answer"": {""target"": [], ""time"": []}, ""correct"": {""target"": [], ""time"": []}, ""answer_stats"": {""total"": [], ""correct"": []}}, ""quiz_selection"": {""gt"": [], ""answer"": [], ""tp"": [], ""fp"": [], ""tn"": [], ""fn"": [], ""num_tp"": 0, ""num_fp"": 0, ""num_tn"": 0, ""num_fn"": 0}, ""mouseover"": {""state"": {""target"": [], ""time"": []}, ""edge"": {""target"": [], ""time"": []}}, ""mouseout"": {""state"": {""target"": [], ""time"": []}, ""edge"": {""target"": [], ""time"": []}}}, ""trialTime"": 32636, ""trial_type"": ""mouselab-mdp"", ""trial_index"": 10, ""time_elapsed"": 374920, ""internal_node_id"": ""0.0-4.0-1.0-2.0""}, {""stateRewards"": ["""", 10, -10, -10, -5, -10, 10, -10, -5, 10, 10, 5, -5], ""trial_id"": 7, ""block"": ""testing"", ""trialIndex"": 4, ""score"": -3, ""expectedScore"": 0, ""expectedRewards"": 0, ""simulationMode"": [], ""rewards"": [], ""path"": [""0""], ""rt"": [], ""delays"": [], ""actions"": [], ""actionTimes"": [], ""queries"": {""preselect"": {""state"": {""target"": [], ""time"": []}, ""clickable"": {""target"": [], ""time"": []}}, ""click"": {""state"": {""target"": [""9"", ""12"", ""11""], ""time"": [4291, 8612, 9663]}, ""edge"": {""target"": [], ""time"": []}, ""clickable"": {""target"": [true, true, true], ""time"": [4292, 8613, 9665]}}, ""flowchart"": {""index"": {""target"": [], ""time"": []}, ""answer"": {""target"": [], ""time"": []}, ""correct"": {""target"": [], ""time"": []}, ""answer_stats"": {""total"": [], ""correct"": []}}, ""quiz_selection"": {""gt"": [], ""answer"": [], ""tp"": [], ""fp"": [], ""tn"": [], ""fn"": [], ""num_tp"": 0, ""num_fp"": 0, ""num_tn"": 0, ""num_fn"": 0}, ""mouseover"": {""state"": {""target"": [], ""time"": []}, ""edge"": {""target"": [], ""time"": []}}, ""mouseout"": {""state"": {""target"": [], ""time"": []}, ""edge"": {""target"": [], ""time"": []}}}, ""trialTime"": 25097, ""trial_type"": ""mouselab-mdp"", ""trial_index"": 11, ""time_elapsed"": 401255, ""internal_node_id"": ""0.0-4.0-1.0-3.0""}, {""stateRewards"": ["""", 10, -5, -5, 10, 5, -5, -10, 10, 5, 10, -5, 10], ""trial_id"": 10, ""block"": ""testing"", ""trialIndex"": 5, ""score"": -4, ""expectedScore"": 0, ""expectedRewards"": 0, ""simulationMode"": [], ""rewards"": [], ""path"": [""0""], ""rt"": [], ""delays"": [], ""actions"": [], ""actionTimes"": [], ""queries"": {""preselect"": {""state"": {""target"": [], ""time"": []}, ""clickable"": {""target"": [], ""time"": []}}, ""click"": {""state"": {""target"": [""9"", ""10"", ""12"", ""11""], ""time"": [5462, 7845, 11529, 14111]}, ""edge"": {""target"": [], ""time"": []}, ""clickable"": {""target"": [true, true, true, true], ""time"": [5464, 7846, 11531, 14111]}}, ""flowchart"": {""index"": {""target"": [], ""time"": []}, ""answer"": {""target"": [], ""time"": []}, ""correct"": {""target"": [], ""time"": []}, ""answer_stats"": {""total"": [], ""correct"": []}}, ""quiz_selection"": {""gt"": [], ""answer"": [], ""tp"": [], ""fp"": [], ""tn"": [], ""fn"": [], ""num_tp"": 0, ""num_fp"": 0, ""num_tn"": 0, ""num_fn"": 0}, ""mouseover"": {""state"": {""target"": [], ""time"": []}, ""edge"": {""target"": [], ""time"": []}}, ""mouseout"": {""state"": {""target"": [], ""time"": []}, ""edge"": {""target"": [], ""time"": []}}}, ""trialTime"": 18877, ""trial_type"": ""mouselab-mdp"", ""trial_index"": 12, ""time_elapsed"": 421340, ""internal_node_id"": ""0.0-4.0-1.0-4.0""}, {""stateRewards"": ["""", 5, -5, -5, 5, 5, 10, 10, 5, 10, -10, 10, 5], ""trial_id"": 25, ""block"": ""testing"", ""trialIndex"": 6, ""score"": -6, ""expectedScore"": 0, ""expectedRewards"": 0, ""simulationMode"": [], ""rewards"": [], ""path"": [""0""], ""rt"": [], ""delays"": [], ""actions"": [], ""actionTimes"": [], ""queries"": {""preselect"": {""state"": {""target"": [], ""time"": []}, ""clickable"": {""target"": [], ""time"": []}}, ""click"": {""state"": {""target"": [""1"", ""2"", ""5"", ""6"", ""8"", ""7""], ""time"": [4424, 10874, 15829, 18867, 22144, 23208]}, ""edge"": {""target"": [], ""time"": []}, ""clickable"": {""target"": [true, true, true, true, true, true], ""time"": [4425, 10876, 15830, 18868, 22145, 23210]}}, ""flowchart"": {""index"": {""target"": [], ""time"": []}, ""answer"": {""target"": [], ""time"": []}, ""correct"": {""target"": [], ""time"": []}, ""answer_stats"": {""total"": [], ""correct"": []}}, ""quiz_selection"": {""gt"": [], ""answer"": [], ""tp"": [], ""fp"": [], ""tn"": [], ""fn"": [], ""num_tp"": 0, ""num_fp"": 0, ""num_tn"": 0, ""num_fn"": 0}, ""mouseover"": {""state"": {""target"": [], ""time"": []}, ""edge"": {""target"": [], ""time"": []}}, ""mouseout"": {""state"": {""target"": [], ""time"": []}, ""edge"": {""target"": [], ""time"": []}}}, ""trialTime"": 28184, ""trial_type"": ""mouselab-mdp"", ""trial_index"": 13, ""time_elapsed"": 450759, ""internal_node_id"": ""0.0-4.0-1.0-5.0""}, {""stateRewards"": ["""", -5, 5, -10, 5, -5, -5, 5, -5, 5, -10, 10, 5], ""trial_id"": 45, ""block"": ""testing"", ""trialIndex"": 7, ""score"": -6, ""expectedScore"": 0, ""expectedRewards"": 0, ""simulationMode"": [], ""rewards"": [], ""path"": [""0""], ""rt"": [], ""delays"": [], ""actions"": [], ""actionTimes"": [], ""queries"": {""preselect"": {""state"": {""target"": [], ""time"": []}, ""clickable"": {""target"": [], ""time"": []}}, ""click"": {""state"": {""target"": [""5"", ""9"", ""10"", ""1"", ""6"", ""2""], ""time"": [5829, 10608, 15842, 17550, 20522, 23034]}, ""edge"": {""target"": [], ""time"": []}, ""clickable"": {""target"": [true, true, true, true, true, true], ""time"": [5829, 10610, 15842, 17550, 20524, 23036]}}, ""flowchart"": {""index"": {""target"": [], ""time"": []}, ""answer"": {""target"": [], ""time"": []}, ""correct"": {""target"": [], ""time"": []}, ""answer_stats"": {""total"": [], ""correct"": []}}, ""quiz_selection"": {""gt"": [], ""answer"": [], ""tp"": [], ""fp"": [], ""tn"": [], ""fn"": [], ""num_tp"": 0, ""num_fp"": 0, ""num_tn"": 0, ""num_fn"": 0}, ""mouseover"": {""state"": {""target"": [], ""time"": []}, ""edge"": {""target"": [], ""time"": []}}, ""mouseout"": {""state"": {""target"": [], ""time"": []}, ""edge"": {""target"": [], ""time"": []}}}, ""trialTime"": 30021, ""trial_type"": ""mouselab-mdp"", ""trial_index"": 14, ""time_elapsed"": 481997, ""internal_node_id"": ""0.0-4.0-1.0-6.0""}, {""stateRewards"": ["""", 10, 5, 5, 10, 10, 10, 5, -5, 5, 10, 5, 5], ""trial_id"": 28, ""block"": ""testing"", ""trialIndex"": 8, ""score"": -4, ""expectedScore"": 0, ""expectedRewards"": 0, ""simulationMode"": [], ""rewards"": [], ""path"": [""0""], ""rt"": [], ""delays"": [], ""actions"": [], ""actionTimes"": [], ""queries"": {""preselect"": {""state"": {""target"": [], ""time"": []}, ""clickable"": {""target"": [], ""time"": []}}, ""click"": {""state"": {""target"": [""9"", ""10"", ""12"", ""11""], ""time"": [3440, 4995, 7591, 8621]}, ""edge"": {""target"": [], ""time"": []}, ""clickable"": {""target"": [true, true, true, true], ""time"": [3441, 4995, 7591, 8621]}}, ""flowchart"": {""index"": {""target"": [], ""time"": []}, ""answer"": {""target"": [], ""time"": []}, ""correct"": {""target"": [], ""time"": []}, ""answer_stats"": {""total"": [], ""correct"": []}}, ""quiz_selection"": {""gt"": [], ""answer"": [], ""tp"": [], ""fp"": [], ""tn"": [], ""fn"": [], ""num_tp"": 0, ""num_fp"": 0, ""num_tn"": 0, ""num_fn"": 0}, ""mouseover"": {""state"": {""target"": [], ""time"": []}, ""edge"": {""target"": [], ""time"": []}}, ""mouseout"": {""state"": {""target"": [], ""time"": []}, ""edge"": {""target"": [], ""time"": []}}}, ""trialTime"": 12557, ""trial_type"": ""mouselab-mdp"", ""trial_index"": 15, ""time_elapsed"": 495769, ""internal_node_id"": ""0.0-4.0-1.0-7.0""}, {""stateRewards"": ["""", 5, -5, -10, -5, 10, 5, 5, 5, -10, -10, -10, 5], ""trial_id"": 12, ""block"": ""testing"", ""trialIndex"": 9, ""score"": -3, ""expectedScore"": 0, ""expectedRewards"": 0, ""simulationMode"": [], ""rewards"": [], ""path"": [""0""], ""rt"": [], ""delays"": [], ""actions"": [], ""actionTimes"": [], ""queries"": {""preselect"": {""state"": {""target"": [], ""time"": []}, ""clickable"": {""target"": [], ""time"": []}}, ""click"": {""state"": {""target"": [""5"", ""8"", ""7""], ""time"": [4523, 11480, 12421]}, ""edge"": {""target"": [], ""time"": []}, ""clickable"": {""target"": [true, true, true], ""time"": [4524, 11481, 12422]}}, ""flowchart"": {""index"": {""target"": [], ""time"": []}, ""answer"": {""target"": [], ""time"": []}, ""correct"": {""target"": [], ""time"": []}, ""answer_stats"": {""total"": [], ""correct"": []}}, ""quiz_selection"": {""gt"": [], ""answer"": [], ""tp"": [], ""fp"": [], ""tn"": [], ""fn"": [], ""num_tp"": 0, ""num_fp"": 0, ""num_tn"": 0, ""num_fn"": 0}, ""mouseover"": {""state"": {""target"": [], ""time"": []}, ""edge"": {""target"": [], ""time"": []}}, ""mouseout"": {""state"": {""target"": [], ""time"": []}, ""edge"": {""target"": [], ""time"": []}}}, ""trialTime"": 19931, ""trial_type"": ""mouselab-mdp"", ""trial_index"": 16, ""time_elapsed"": 516920, ""internal_node_id"": ""0.0-4.0-1.0-8.0""}, {""stateRewards"": ["""", 10, -5, -5, -10, 5, -10, -5, 5, 10, -10, -5, -10], ""trial_id"": 43, ""block"": ""testing"", ""trialIndex"": 10, ""score"": -5, ""expectedScore"": 0, ""expectedRewards"": 0, ""simulationMode"": [], ""rewards"": [], ""path"": [""0""], ""rt"": [], ""delays"": [], ""actions"": [], ""actionTimes"": [], ""queries"": {""preselect"": {""state"": {""target"": [], ""time"": []}, ""clickable"": {""target"": [], ""time"": []}}, ""click"": {""state"": {""target"": [""5"", ""6"", ""9"", ""12"", ""11""], ""time"": [2484, 4240, 5660, 7993, 8760]}, ""edge"": {""target"": [], ""time"": []}, ""clickable"": {""target"": [true, true, true, true, true], ""time"": [2485, 4240, 5662, 7995, 8761]}}, ""flowchart"": {""index"": {""target"": [], ""time"": []}, ""answer"": {""target"": [], ""time"": []}, ""correct"": {""target"": [], ""time"": []}, ""answer_stats"": {""total"": [], ""correct"": []}}, ""quiz_selection"": {""gt"": [], ""answer"": [], ""tp"": [], ""fp"": [], ""tn"": [], ""fn"": [], ""num_tp"": 0, ""num_fp"": 0, ""num_tn"": 0, ""num_fn"": 0}, ""mouseover"": {""state"": {""target"": [], ""time"": []}, ""edge"": {""target"": [], ""time"": []}}, ""mouseout"": {""state"": {""target"": [], ""time"": []}, ""edge"": {""target"": [], ""time"": []}}}, ""trialTime"": 14809, ""trial_type"": ""mouselab-mdp"", ""trial_index"": 17, ""time_elapsed"": 532951, ""internal_node_id"": ""0.0-4.0-1.0-9.0""}]"
12,0,flowchart,4,14.8,1,1,34,male,0,"[{""stateRewards"": ["""", 5, -10, 5, -5, 5, -10, -5, 5, -10, 5, 10, -10], ""trial_id"": 8, ""block"": ""testing"", ""trialIndex"": 1, ""score"": -7, ""expectedScore"": 0, ""expectedRewards"": 0, ""simulationMode"": [], ""rewards"": [], ""path"": [""0""], ""rt"": [], ""delays"": [], ""actions"": [], ""actionTimes"": [], ""queries"": {""preselect"": {""state"": {""target"": [], ""time"": []}, ""clickable"": {""target"": [], ""time"": []}}, ""click"": {""state"": {""target"": [""9"", ""5"", ""6"", ""1"", ""2"", ""7"", ""8""], ""time"": [15896, 24595, 30366, 46626, 51958, 58743, 65340]}, ""edge"": {""target"": [], ""time"": []}, ""clickable"": {""target"": [true, true, true, true, true, false, false], ""time"": [15899, 24598, 30370, 46630, 51961, 58747, 65343]}}, ""flowchart"": {""index"": {""target"": [], ""time"": []}, ""answer"": {""target"": [], ""time"": []}, ""correct"": {""target"": [], ""time"": []}, ""answer_stats"": {""total"": [], ""correct"": []}}, ""quiz_selection"": {""gt"": [], ""answer"": [], ""tp"": [], ""fp"": [], ""tn"": [], ""fn"": [], ""num_tp"": 0, ""num_fp"": 0, ""num_tn"": 0, ""num_fn"": 0}, ""mouseover"": {""state"": {""target"": [], ""time"": []}, ""edge"": {""target"": [], ""time"": []}}, ""mouseout"": {""state"": {""target"": [], ""time"": []}, ""edge"": {""target"": [], ""time"": []}}}, ""trialTime"": 74359, ""trial_type"": ""mouselab-mdp"", ""trial_index"": 8, ""time_elapsed"": 328550, ""internal_node_id"": ""0.0-4.0-1.0-0.0""}, {""stateRewards"": ["""", 5, 10, -10, -10, 5, -5, 5, -5, 5, -10, 5, -10], ""trial_id"": 21, ""block"": ""testing"", ""trialIndex"": 2, ""score"": -6, ""expectedScore"": 0, ""expectedRewards"": 0, ""simulationMode"": [], ""rewards"": [], ""path"": [""0""], ""rt"": [], ""delays"": [], ""actions"": [], ""actionTimes"": [], ""queries"": {""preselect"": {""state"": {""target"": [], ""time"": []}, ""clickable"": {""target"": [], ""time"": []}}, ""click"": {""state"": {""target"": [""9"", ""10"", ""5"", ""6"", ""1"", ""2""], ""time"": [18457, 24191, 28682, 30861, 33893, 35781]}, ""edge"": {""target"": [], ""time"": []}, ""clickable"": {""target"": [true, true, true, true, true, true], ""time"": [18460, 24194, 28686, 30864, 33896, 35784]}}, ""flowchart"": {""index"": {""target"": [], ""time"": []}, ""answer"": {""target"": [], ""time"": []}, ""correct"": {""target"": [], ""time"": []}, ""answer_stats"": {""total"": [], ""correct"": []}}, ""quiz_selection"": {""gt"": [], ""answer"": [], ""tp"": [], ""fp"": [], ""tn"": [], ""fn"": [], ""num_tp"": 0, ""num_fp"": 0, ""num_tn"": 0, ""num_fn"": 0}, ""mouseover"": {""state"": {""target"": [], ""time"": []}, ""edge"": {""target"": [], ""time"": []}}, ""mouseout"": {""state"": {""target"": [], ""time"": []}, ""edge"": {""target"": [], ""time"": []}}}, ""trialTime"": 48665, ""trial_type"": ""mouselab-mdp"", ""trial_index"": 9, ""time_elapsed"": 379014, ""internal_node_id"": ""0.0-4.0-1.0-1.0""}, {""stateRewards"": ["""", 5, -5, 10, -5, -10, 10, -10, 10, 5, -10, -10, -5], ""trial_id"": 15, ""block"": ""testing"", ""trialIndex"": 3, ""score"": -7, ""expectedScore"": 0, ""expectedRewards"": 0, ""simulationMode"": [], ""rewards"": [], ""path"": [""0""], ""rt"": [], ""delays"": [], ""actions"": [], ""actionTimes"": [], ""queries"": {""preselect"": {""state"": {""target"": [], ""time"": []}, ""clickable"": {""target"": [], ""time"": []}}, ""click"": {""state"": {""target"": [""9"", ""10"", ""5"", ""1"", ""2"", ""4"", ""3""], ""time"": [7573, 13098, 17789, 30485, 32665, 36305, 38017]}, ""edge"": {""target"": [], ""time"": []}, ""clickable"": {""target"": [true, true, true, true, true, false, false], ""time"": [7576, 13101, 17792, 30488, 32668, 36309, 38020]}}, ""flowchart"": {""index"": {""target"": [], ""time"": []}, ""answer"": {""target"": [], ""time"": []}, ""correct"": {""target"": [], ""time"": []}, ""answer_stats"": {""total"": [], ""correct"": []}}, ""quiz_selection"": {""gt"": [], ""answer"": [], ""tp"": [], ""fp"": [], ""tn"": [], ""fn"": [], ""num_tp"": 0, ""num_fp"": 0, ""num_tn"": 0, ""num_fn"": 0}, ""mouseover"": {""state"": {""target"": [], ""time"": []}, ""edge"": {""target"": [], ""time"": []}}, ""mouseout"": {""state"": {""target"": [], ""time"": []}, ""edge"": {""target"": [], ""time"": []}}}, ""trialTime"": 55420, ""trial_type"": ""mouselab-mdp"", ""trial_index"": 10, ""time_elapsed"": 436197, ""internal_node_id"": ""0.0-4.0-1.0-2.0""}, {""stateRewards"": ["""", 10, -5, -10, -5, -5, 5, 5, -10, 5, 10, -5, -5], ""trial_id"": 39, ""block"": ""testing"", ""trialIndex"": 4, ""score"": -2, ""expectedScore"": 0, ""expectedRewards"": 0, ""simulationMode"": [], ""rewards"": [], ""path"": [""0""], ""rt"": [], ""delays"": [], ""actions"": [], ""actionTimes"": [], ""queries"": {""preselect"": {""state"": {""target"": [], ""time"": []}, ""clickable"": {""target"": [], ""time"": []}}, ""click"": {""state"": {""target"": [""9"", ""10""], ""time"": [7063, 14634]}, ""edge"": {""target"": [], ""time"": []}, ""clickable"": {""target"": [true, true], ""time"": [7066, 14636]}}, ""flowchart"": {""index"": {""target"": [], ""time"": []}, ""answer"": {""target"": [], ""time"": []}, ""correct"": {""target"": [], ""time"": []}, ""answer_stats"": {""total"": [], ""correct"": []}}, ""quiz_selection"": {""gt"": [], ""answer"": [], ""tp"": [], ""fp"": [], ""tn"": [], ""fn"": [], ""num_tp"": 0, ""num_fp"": 0, ""num_tn"": 0, ""num_fn"": 0}, ""mouseover"": {""state"": {""target"": [], ""time"": []}, ""edge"": {""target"": [], ""time"": []}}, ""mouseout"": {""state"": {""target"": [], ""time"": []}, ""edge"": {""target"": [], ""time"": []}}}, ""trialTime"": 31868, ""trial_type"": ""mouselab-mdp"", ""trial_index"": 11, ""time_elapsed"": 469869, ""internal_node_id"": ""0.0-4.0-1.0-3.0""}, {""stateRewards"": ["""", 10, -10, 10, 5, 5, -10, -10, 10, -10, -5, 5, 10], ""trial_id"": 38, ""block"": ""testing"", ""trialIndex"": 5, ""score"": -4, ""expectedScore"": 0, ""expectedRewards"": 0, ""simulationMode"": [], ""rewards"": [], ""path"": [""0""], ""rt"": [], ""delays"": [], ""actions"": [], ""actionTimes"": [], ""queries"": {""preselect"": {""state"": {""target"": [], ""time"": []}, ""clickable"": {""target"": [], ""time"": []}}, ""click"": {""state"": {""target"": [""9"", ""5"", ""6"", ""1""], ""time"": [5925, 13289, 16499, 20032]}, ""edge"": {""target"": [], ""time"": []}, ""clickable"": {""target"": [true, true, true, true], ""time"": [5928, 13292, 16502, 20035]}}, ""flowchart"": {""index"": {""target"": [], ""time"": []}, ""answer"": {""target"": [], ""time"": []}, ""correct"": {""target"": [], ""time"": []}, ""answer_stats"": {""total"": [], ""correct"": []}}, ""quiz_selection"": {""gt"": [], ""answer"": [], ""tp"": [], ""fp"": [], ""tn"": [], ""fn"": [], ""num_tp"": 0, ""num_fp"": 0, ""num_tn"": 0, ""num_fn"": 0}, ""mouseover"": {""state"": {""target"": [], ""time"": []}, ""edge"": {""target"": [], ""time"": []}}, ""mouseout"": {""state"": {""target"": [], ""time"": []}, ""edge"": {""target"": [], ""time"": []}}}, ""trialTime"": 33924, ""trial_type"": ""mouselab-mdp"", ""trial_index"": 12, ""time_elapsed"": 505582, ""internal_node_id"": ""0.0-4.0-1.0-4.0""}, {""stateRewards"": ["""", 10, -5, -5, 10, 5, -5, -10, 10, 5, 10, -5, 10], ""trial_id"": 10, ""block"": ""testing"", ""trialIndex"": 6, ""score"": -2, ""expectedScore"": 0, ""expectedRewards"": 0, ""simulationMode"": [], ""rewards"": [], ""path"": [""0""], ""rt"": [], ""delays"": [], ""actions"": [], ""actionTimes"": [], ""queries"": {""preselect"": {""state"": {""target"": [], ""time"": []}, ""clickable"": {""target"": [], ""time"": []}}, ""click"": {""state"": {""target"": [""9"", ""10""], ""time"": [3674, 5995]}, ""edge"": {""target"": [], ""time"": []}, ""clickable"": {""target"": [true, true], ""time"": [3677, 5998]}}, ""flowchart"": {""index"": {""target"": [], ""time"": []}, ""answer"": {""target"": [], ""time"": []}, ""correct"": {""target"": [], ""time"": []}, ""answer_stats"": {""total"": [], ""correct"": []}}, ""quiz_selection"": {""gt"": [], ""answer"": [], ""tp"": [], ""fp"": [], ""tn"": [], ""fn"": [], ""num_tp"": 0, ""num_fp"": 0, ""num_tn"": 0, ""num_fn"": 0}, ""mouseover"": {""state"": {""target"": [], ""time"": []}, ""edge"": {""target"": [], ""time"": []}}, ""mouseout"": {""state"": {""target"": [], ""time"": []}, ""edge"": {""target"": [], ""time"": []}}}, ""trialTime"": 19667, ""trial_type"": ""mouselab-mdp"", ""trial_index"": 13, ""time_elapsed"": 527173, ""internal_node_id"": ""0.0-4.0-1.0-5.0""}, {""stateRewards"": ["""", 10, 10, 10, 10, 5, 5, 10, 5, -5, 5, 5, 5], ""trial_id"": 18, ""block"": ""testing"", ""trialIndex"": 7, ""score"": -3, ""expectedScore"": 0, ""expectedRewards"": 0, ""simulationMode"": [], ""rewards"": [], ""path"": [""0""], ""rt"": [], ""delays"": [], ""actions"": [], ""actionTimes"": [], ""queries"": {""preselect"": {""state"": {""target"": [], ""time"": []}, ""clickable"": {""target"": [], ""time"": []}}, ""click"": {""state"": {""target"": [""9"", ""5"", ""6""], ""time"": [8109, 11247, 13023]}, ""edge"": {""target"": [], ""time"": []}, ""clickable"": {""target"": [true, true, true], ""time"": [8112, 11250, 13026]}}, ""flowchart"": {""index"": {""target"": [], ""time"": []}, ""answer"": {""target"": [], ""time"": []}, ""correct"": {""target"": [], ""time"": []}, ""answer_stats"": {""total"": [], ""correct"": []}}, ""quiz_selection"": {""gt"": [], ""answer"": [], ""tp"": [], ""fp"": [], ""tn"": [], ""fn"": [], ""num_tp"": 0, ""num_fp"": 0, ""num_tn"": 0, ""num_fn"": 0}, ""mouseover"": {""state"": {""target"": [], ""time"": []}, ""edge"": {""target"": [], ""time"": []}}, ""mouseout"": {""state"": {""target"": [], ""time"": []}, ""edge"": {""target"": [], ""time"": []}}}, ""trialTime"": 29602, ""trial_type"": ""mouselab-mdp"", ""trial_index"": 14, ""time_elapsed"": 558605, ""internal_node_id"": ""0.0-4.0-1.0-6.0""}, {""stateRewards"": ["""", -10, 10, 10, 5, -10, -10, 10, 5, -5, 5, 10, -10], ""trial_id"": 34, ""block"": ""testing"", ""trialIndex"": 8, ""score"": -4, ""expectedScore"": 0, ""expectedRewards"": 0, ""simulationMode"": [], ""rewards"": [], ""path"": [""0""], ""rt"": [], ""delays"": [], ""actions"": [], ""actionTimes"": [], ""queries"": {""preselect"": {""state"": {""target"": [], ""time"": []}, ""clickable"": {""target"": [], ""time"": []}}, ""click"": {""state"": {""target"": [""9"", ""5"", ""1"", ""10""], ""time"": [4545, 8470, 13270, 21560]}, ""edge"": {""target"": [], ""time"": []}, ""clickable"": {""target"": [true, true, true, true], ""time"": [4549, 8473, 13275, 21563]}}, ""flowchart"": {""index"": {""target"": [], ""time"": []}, ""answer"": {""target"": [], ""time"": []}, ""correct"": {""target"": [], ""time"": []}, ""answer_stats"": {""total"": [], ""correct"": []}}, ""quiz_selection"": {""gt"": [], ""answer"": [], ""tp"": [], ""fp"": [], ""tn"": [], ""fn"": [], ""num_tp"": 0, ""num_fp"": 0, ""num_tn"": 0, ""num_fn"": 0}, ""mouseover"": {""state"": {""target"": [], ""time"": []}, ""edge"": {""target"": [], ""time"": []}}, ""mouseout"": {""state"": {""target"": [], ""time"": []}, ""edge"": {""target"": [], ""time"": []}}}, ""trialTime"": 30447, ""trial_type"": ""mouselab-mdp"", ""trial_index"": 15, ""time_elapsed"": 590852, ""internal_node_id"": ""0.0-4.0-1.0-7.0""}, {""stateRewards"": ["""", 5, -5, 5, -10, 5, -5, 10, -5, -10, -10, -5, -10], ""trial_id"": 35, ""block"": ""testing"", ""trialIndex"": 9, ""score"": -5, ""expectedScore"": 0, ""expectedRewards"": 0, ""simulationMode"": [], ""rewards"": [], ""path"": [""0""], ""rt"": [], ""delays"": [], ""actions"": [], ""actionTimes"": [], ""queries"": {""preselect"": {""state"": {""target"": [], ""time"": []}, ""clickable"": {""target"": [], ""time"": []}}, ""click"": {""state"": {""target"": [""9"", ""5"", ""6"", ""1"", ""2""], ""time"": [3835, 7039, 8615, 13201, 14899]}, ""edge"": {""target"": [], ""time"": []}, ""clickable"": {""target"": [true, true, true, true, true], ""time"": [3838, 7043, 8617, 13204, 14902]}}, ""flowchart"": {""index"": {""target"": [], ""time"": []}, ""answer"": {""target"": [], ""time"": []}, ""correct"": {""target"": [], ""time"": []}, ""answer_stats"": {""total"": [], ""correct"": []}}, ""quiz_selection"": {""gt"": [], ""answer"": [], ""tp"": [], ""fp"": [], ""tn"": [], ""fn"": [], ""num_tp"": 0, ""num_fp"": 0, ""num_tn"": 0, ""num_fn"": 0}, ""mouseover"": {""state"": {""target"": [], ""time"": []}, ""edge"": {""target"": [], ""time"": []}}, ""mouseout"": {""state"": {""target"": [], ""time"": []}, ""edge"": {""target"": [], ""time"": []}}}, ""trialTime"": 28483, ""trial_type"": ""mouselab-mdp"", ""trial_index"": 16, ""time_elapsed"": 621189, ""internal_node_id"": ""0.0-4.0-1.0-8.0""}, {""stateRewards"": ["""", -10, -10, -10, -5, 10, 5, -10, 10, 10, -5, -5, 5], ""trial_id"": 20, ""block"": ""testing"", ""trialIndex"": 10, ""score"": -1, ""expectedScore"": 0, ""expectedRewards"": 0, ""simulationMode"": [null, null, null, null, null, null], ""rewards"": [], ""path"": [""0""], ""rt"": [110870, 2529, 237, 189, 589, 29524], ""delays"": [], ""actions"": [""left"", ""right"", ""right"", ""right"", ""right"", ""up""], ""actionTimes"": [110924, 113458, 113699, 113891, 114483, 144010], ""queries"": {""preselect"": {""state"": {""target"": [], ""time"": []}, ""clickable"": {""target"": [], ""time"": []}}, ""click"": {""state"": {""target"": [""9""], ""time"": [4714]}, ""edge"": {""target"": [], ""time"": []}, ""clickable"": {""target"": [true], ""time"": [4717]}}, ""flowchart"": {""index"": {""target"": [], ""time"": []}, ""answer"": {""target"": [], ""time"": []}, ""correct"": {""target"": [], ""time"": []}, ""answer_stats"": {""total"": [], ""correct"": []}}, ""quiz_selection"": {""gt"": [], ""answer"": [], ""tp"": [], ""fp"": [], ""tn"": [], ""fn"": [], ""num_tp"": 0, ""num_fp"": 0, ""num_tn"": 0, ""num_fn"": 0}, ""mouseover"": {""state"": {""target"": [], ""time"": []}, ""edge"": {""target"": [], ""time"": []}}, ""mouseout"": {""state"": {""target"": [], ""time"": []}, ""edge"": {""target"": [], ""time"": []}}}, ""trialTime"": 18235, ""trial_type"": ""mouselab-mdp"", ""trial_index"": 17, ""time_elapsed"": 641198, ""internal_node_id"": ""0.0-4.0-1.0-9.0""}]"
13,0,flowchart,4,19.5,1,4,-,-,0,"[{""stateRewards"": ["""", 5, 10, -10, -10, 5, -5, 5, -5, 5, -10, 5, -10], ""trial_id"": 21, ""block"": ""testing"", ""trialIndex"": 1, ""score"": -6, ""expectedScore"": 0, ""expectedRewards"": 0, ""simulationMode"": [], ""rewards"": [], ""path"": [""0""], ""rt"": [], ""delays"": [], ""actions"": [], ""actionTimes"": [], ""queries"": {""preselect"": {""state"": {""target"": [], ""time"": []}, ""clickable"": {""target"": [], ""time"": []}}, ""click"": {""state"": {""target"": [""9"", ""10"", ""5"", ""6"", ""2"", ""1""], ""time"": [11167, 16268, 20973, 23285, 24726, 27850]}, ""edge"": {""target"": [], ""time"": []}, ""clickable"": {""target"": [true, true, true, true, true, false], ""time"": [11171, 16273, 20981, 23291, 24732, 27854]}}, ""flowchart"": {""index"": {""target"": [], ""time"": []}, ""answer"": {""target"": [], ""time"": []}, ""correct"": {""target"": [], ""time"": []}, ""answer_stats"": {""total"": [], ""correct"": []}}, ""quiz_selection"": {""gt"": [], ""answer"": [], ""tp"": [], ""fp"": [], ""tn"": [], ""fn"": [], ""num_tp"": 0, ""num_fp"": 0, ""num_tn"": 0, ""num_fn"": 0}, ""mouseover"": {""state"": {""target"": [], ""time"": []}, ""edge"": {""target"": [], ""time"": []}}, ""mouseout"": {""state"": {""target"": [], ""time"": []}, ""edge"": {""target"": [], ""time"": []}}}, ""trialTime"": 197252, ""trial_type"": ""mouselab-mdp"", ""trial_index"": 14, ""time_elapsed"": 641498, ""internal_node_id"": ""0.0-4.0-1.0-0.0""}, {""stateRewards"": ["""", -5, -10, -5, -10, -10, -5, 10, -5, -10, 5, 10, -5], ""trial_id"": 57, ""block"": ""testing"", ""trialIndex"": 2, ""score"": -5, ""expectedScore"": 0, ""expectedRewards"": 0, ""simulationMode"": [], ""rewards"": [], ""path"": [""0""], ""rt"": [], ""delays"": [], ""actions"": [], ""actionTimes"": [], ""queries"": {""preselect"": {""state"": {""target"": [], ""time"": []}, ""clickable"": {""target"": [], ""time"": []}}, ""click"": {""state"": {""target"": [""5"", ""10"", ""9"", ""2"", ""1""], ""time"": [6934, 8736, 12680, 14488, 15718]}, ""edge"": {""target"": [], ""time"": []}, ""clickable"": {""target"": [true, true, true, true, false], ""time"": [6936, 8739, 12685, 14492, 15721]}}, ""flowchart"": {""index"": {""target"": [], ""time"": []}, ""answer"": {""target"": [], ""time"": []}, ""correct"": {""target"": [], ""time"": []}, ""answer_stats"": {""total"": [], ""correct"": []}}, ""quiz_selection"": {""gt"": [], ""answer"": [], ""tp"": [], ""fp"": [], ""tn"": [], ""fn"": [], ""num_tp"": 0, ""num_fp"": 0, ""num_tn"": 0, ""num_fn"": 0}, ""mouseover"": {""state"": {""target"": [], ""time"": []}, ""edge"": {""target"": [], ""time"": []}}, ""mouseout"": {""state"": {""target"": [], ""time"": []}, ""edge"": {""target"": [], ""time"": []}}}, ""trialTime"": 21891, ""trial_type"": ""mouselab-mdp"", ""trial_index"": 15, ""time_elapsed"": 665505, ""internal_node_id"": ""0.0-4.0-1.0-1.0""}, {""stateRewards"": ["""", -10, 10, 10, 5, -10, -10, 10, 5, -5, 5, 10, -10], ""trial_id"": 34, ""block"": ""testing"", ""trialIndex"": 3, ""score"": -5, ""expectedScore"": 0, ""expectedRewards"": 0, ""simulationMode"": [], ""rewards"": [], ""path"": [""0""], ""rt"": [], ""delays"": [], ""actions"": [], ""actionTimes"": [], ""queries"": {""preselect"": {""state"": {""target"": [], ""time"": []}, ""clickable"": {""target"": [], ""time"": []}}, ""click"": {""state"": {""target"": [""5"", ""10"", ""9"", ""2"", ""1""], ""time"": [2275, 3460, 5203, 6737, 8679]}, ""edge"": {""target"": [], ""time"": []}, ""clickable"": {""target"": [true, true, true, true, false], ""time"": [2277, 3464, 5206, 6739, 8682]}}, ""flowchart"": {""index"": {""target"": [], ""time"": []}, ""answer"": {""target"": [], ""time"": []}, ""correct"": {""target"": [], ""time"": []}, ""answer_stats"": {""total"": [], ""correct"": []}}, ""quiz_selection"": {""gt"": [], ""answer"": [], ""tp"": [], ""fp"": [], ""tn"": [], ""fn"": [], ""num_tp"": 0, ""num_fp"": 0, ""num_tn"": 0, ""num_fn"": 0}, ""mouseover"": {""state"": {""target"": [], ""time"": []}, ""edge"": {""target"": [], ""time"": []}}, ""mouseout"": {""state"": {""target"": [], ""time"": []}, ""edge"": {""target"": [], ""time"": []}}}, ""trialTime"": 13898, ""trial_type"": ""mouselab-mdp"", ""trial_index"": 16, ""time_elapsed"": 680880, ""internal_node_id"": ""0.0-4.0-1.0-2.0""}, {""stateRewards"": ["""", 5, -10, 5, -5, 5, -10, -5, 5, -10, 5, 10, -10], ""trial_id"": 8, ""block"": ""testing"", ""trialIndex"": 4, ""score"": -1, ""expectedScore"": 0, ""expectedRewards"": 0, ""simulationMode"": [], ""rewards"": [], ""path"": [""0""], ""rt"": [], ""delays"": [], ""actions"": [], ""actionTimes"": [], ""queries"": {""preselect"": {""state"": {""target"": [], ""time"": []}, ""clickable"": {""target"": [], ""time"": []}}, ""click"": {""state"": {""target"": [""10""], ""time"": [2549]}, ""edge"": {""target"": [], ""time"": []}, ""clickable"": {""target"": [true], ""time"": [2552]}}, ""flowchart"": {""index"": {""target"": [], ""time"": []}, ""answer"": {""target"": [], ""time"": []}, ""correct"": {""target"": [], ""time"": []}, ""answer_stats"": {""total"": [], ""correct"": []}}, ""quiz_selection"": {""gt"": [], ""answer"": [], ""tp"": [], ""fp"": [], ""tn"": [], ""fn"": [], ""num_tp"": 0, ""num_fp"": 0, ""num_tn"": 0, ""num_fn"": 0}, ""mouseover"": {""state"": {""target"": [], ""time"": []}, ""edge"": {""target"": [], ""time"": []}}, ""mouseout"": {""state"": {""target"": [], ""time"": []}, ""edge"": {""target"": [], ""time"": []}}}, ""trialTime"": 12150, ""trial_type"": ""mouselab-mdp"", ""trial_index"": 17, ""time_elapsed"": 694488, ""internal_node_id"": ""0.0-4.0-1.0-3.0""}, {""stateRewards"": ["""", 5, -10, 10, -5, -5, 5, 10, -5, 5, 10, -5, -5], ""trial_id"": 2, ""block"": ""testing"", ""trialIndex"": 5, ""score"": -3, ""expectedScore"": 0, ""expectedRewards"": 0, ""simulationMode"": [], ""rewards"": [], ""path"": [""0""], ""rt"": [], ""delays"": [], ""actions"": [], ""actionTimes"": [], ""queries"": {""preselect"": {""state"": {""target"": [], ""time"": []}, ""clickable"": {""target"": [], ""time"": []}}, ""click"": {""state"": {""target"": [""2"", ""10"", ""9""], ""time"": [739, 1824, 6106]}, ""edge"": {""target"": [], ""time"": []}, ""clickable"": {""target"": [true, true, false], ""time"": [741, 1826, 6108]}}, ""flowchart"": {""index"": {""target"": [], ""time"": []}, ""answer"": {""target"": [], ""time"": []}, ""correct"": {""target"": [], ""time"": []}, ""answer_stats"": {""total"": [], ""correct"": []}}, ""quiz_selection"": {""gt"": [], ""answer"": [], ""tp"": [], ""fp"": [], ""tn"": [], ""fn"": [], ""num_tp"": 0, ""num_fp"": 0, ""num_tn"": 0, ""num_fn"": 0}, ""mouseover"": {""state"": {""target"": [], ""time"": []}, ""edge"": {""target"": [], ""time"": []}}, ""mouseout"": {""state"": {""target"": [], ""time"": []}, ""edge"": {""target"": [], ""time"": []}}}, ""trialTime"": 12200, ""trial_type"": ""mouselab-mdp"", ""trial_index"": 18, ""time_elapsed"": 708132, ""internal_node_id"": ""0.0-4.0-1.0-4.0""}, {""stateRewards"": ["""", -5, -5, 5, 10, 10, -10, -10, -10, -10, 10, 10, 10], ""trial_id"": 4, ""block"": ""testing"", ""trialIndex"": 6, ""score"": -4, ""expectedScore"": 0, ""expectedRewards"": 0, ""simulationMode"": [], ""rewards"": [], ""path"": [""0""], ""rt"": [], ""delays"": [], ""actions"": [], ""actionTimes"": [], ""queries"": {""preselect"": {""state"": {""target"": [], ""time"": []}, ""clickable"": {""target"": [], ""time"": []}}, ""click"": {""state"": {""target"": [""10"", ""9"", ""6"", ""2""], ""time"": [173493, 178080, 179748, 180842]}, ""edge"": {""target"": [], ""time"": []}, ""clickable"": {""target"": [true, false, false, false], ""time"": [173495, 178082, 179750, 180844]}}, ""flowchart"": {""index"": {""target"": [], ""time"": []}, ""answer"": {""target"": [], ""time"": []}, ""correct"": {""target"": [], ""time"": []}, ""answer_stats"": {""total"": [], ""correct"": []}}, ""quiz_selection"": {""gt"": [], ""answer"": [], ""tp"": [], ""fp"": [], ""tn"": [], ""fn"": [], ""num_tp"": 0, ""num_fp"": 0, ""num_tn"": 0, ""num_fn"": 0}, ""mouseover"": {""state"": {""target"": [], ""time"": []}, ""edge"": {""target"": [], ""time"": []}}, ""mouseout"": {""state"": {""target"": [], ""time"": []}, ""edge"": {""target"": [], ""time"": []}}}, ""trialTime"": 188380, ""trial_type"": ""mouselab-mdp"", ""trial_index"": 19, ""time_elapsed"": 897920, ""internal_node_id"": ""0.0-4.0-1.0-5.0""}, {""stateRewards"": ["""", -10, 5, 5, -5, -5, 5, 10, -10, -5, -5, -10, 10], ""trial_id"": 53, ""block"": ""testing"", ""trialIndex"": 7, ""score"": -1, ""expectedScore"": 0, ""expectedRewards"": 0, ""simulationMode"": [], ""rewards"": [], ""path"": [""0""], ""rt"": [], ""delays"": [], ""actions"": [], ""actionTimes"": [], ""queries"": {""preselect"": {""state"": {""target"": [], ""time"": []}, ""clickable"": {""target"": [], ""time"": []}}, ""click"": {""state"": {""target"": [""6""], ""time"": [1847]}, ""edge"": {""target"": [], ""time"": []}, ""clickable"": {""target"": [true], ""time"": [1849]}}, ""flowchart"": {""index"": {""target"": [], ""time"": []}, ""answer"": {""target"": [], ""time"": []}, ""correct"": {""target"": [], ""time"": []}, ""answer_stats"": {""total"": [], ""correct"": []}}, ""quiz_selection"": {""gt"": [], ""answer"": [], ""tp"": [], ""fp"": [], ""tn"": [], ""fn"": [], ""num_tp"": 0, ""num_fp"": 0, ""num_tn"": 0, ""num_fn"": 0}, ""mouseover"": {""state"": {""target"": [], ""time"": []}, ""edge"": {""target"": [], ""time"": []}}, ""mouseout"": {""state"": {""target"": [], ""time"": []}, ""edge"": {""target"": [], ""time"": []}}}, ""trialTime"": 103228, ""trial_type"": ""mouselab-mdp"", ""trial_index"": 20, ""time_elapsed"": 1002982, ""internal_node_id"": ""0.0-4.0-1.0-6.0""}, {""stateRewards"": ["""", 5, 5, -10, -10, 10, 5, 5, 5, -5, 10, -5, -10], ""trial_id"": 16, ""block"": ""testing"", ""trialIndex"": 8, ""score"": -3, ""expectedScore"": 0, ""expectedRewards"": 0, ""simulationMode"": [], ""rewards"": [], ""path"": [""0""], ""rt"": [], ""delays"": [], ""actions"": [], ""actionTimes"": [], ""queries"": {""preselect"": {""state"": {""target"": [], ""time"": []}, ""clickable"": {""target"": [], ""time"": []}}, ""click"": {""state"": {""target"": [""9"", ""6"", ""5""], ""time"": [6196, 7197, 9346]}, ""edge"": {""target"": [], ""time"": []}, ""clickable"": {""target"": [true, true, true], ""time"": [6198, 7199, 9350]}}, ""flowchart"": {""index"": {""target"": [], ""time"": []}, ""answer"": {""target"": [], ""time"": []}, ""correct"": {""target"": [], ""time"": []}, ""answer_stats"": {""total"": [], ""correct"": []}}, ""quiz_selection"": {""gt"": [], ""answer"": [], ""tp"": [], ""fp"": [], ""tn"": [], ""fn"": [], ""num_tp"": 0, ""num_fp"": 0, ""num_tn"": 0, ""num_fn"": 0}, ""mouseover"": {""state"": {""target"": [], ""time"": []}, ""edge"": {""target"": [], ""time"": []}}, ""mouseout"": {""state"": {""target"": [], ""time"": []}, ""edge"": {""target"": [], ""time"": []}}}, ""trialTime"": 15812, ""trial_type"": ""mouselab-mdp"", ""trial_index"": 21, ""time_elapsed"": 1020597, ""internal_node_id"": ""0.0-4.0-1.0-7.0""}, {""stateRewards"": ["""", -5, -10, -5, 5, 5, 5, -5, 5, 10, 10, -5, -5], ""trial_id"": 50, ""block"": ""testing"", ""trialIndex"": 9, ""score"": -2, ""expectedScore"": 0, ""expectedRewards"": 0, ""simulationMode"": [], ""rewards"": [], ""path"": [""0""], ""rt"": [], ""delays"": [], ""actions"": [], ""actionTimes"": [], ""queries"": {""preselect"": {""state"": {""target"": [], ""time"": []}, ""clickable"": {""target"": [], ""time"": []}}, ""click"": {""state"": {""target"": [""9"", ""10""], ""time"": [1468, 11312]}, ""edge"": {""target"": [], ""time"": []}, ""clickable"": {""target"": [true, false], ""time"": [1471, 11316]}}, ""flowchart"": {""index"": {""target"": [], ""time"": []}, ""answer"": {""target"": [], ""time"": []}, ""correct"": {""target"": [], ""time"": []}, ""answer_stats"": {""total"": [], ""correct"": []}}, ""quiz_selection"": {""gt"": [], ""answer"": [], ""tp"": [], ""fp"": [], ""tn"": [], ""fn"": [], ""num_tp"": 0, ""num_fp"": 0, ""num_tn"": 0, ""num_fn"": 0}, ""mouseover"": {""state"": {""target"": [], ""time"": []}, ""edge"": {""target"": [], ""time"": []}}, ""mouseout"": {""state"": {""target"": [], ""time"": []}, ""edge"": {""target"": [], ""time"": []}}}, ""trialTime"": 16021, ""trial_type"": ""mouselab-mdp"", ""trial_index"": 22, ""time_elapsed"": 1037953, ""internal_node_id"": ""0.0-4.0-1.0-8.0""}, {""stateRewards"": ["""", -5, -10, 5, 10, 5, -10, -5, 10, 10, -5, 10, 5], ""trial_id"": 52, ""block"": ""testing"", ""trialIndex"": 10, ""score"": -1, ""expectedScore"": 0, ""expectedRewards"": 0, ""simulationMode"": [], ""rewards"": [], ""path"": [""0""], ""rt"": [], ""delays"": [], ""actions"": [], ""actionTimes"": [], ""queries"": {""preselect"": {""state"": {""target"": [], ""time"": []}, ""clickable"": {""target"": [], ""time"": []}}, ""click"": {""state"": {""target"": [""9""], ""time"": [1758]}, ""edge"": {""target"": [], ""time"": []}, ""clickable"": {""target"": [true], ""time"": [1761]}}, ""flowchart"": {""index"": {""target"": [], ""time"": []}, ""answer"": {""target"": [], ""time"": []}, ""correct"": {""target"": [], ""time"": []}, ""answer_stats"": {""total"": [], ""correct"": []}}, ""quiz_selection"": {""gt"": [], ""answer"": [], ""tp"": [], ""fp"": [], ""tn"": [], ""fn"": [], ""num_tp"": 0, ""num_fp"": 0, ""num_tn"": 0, ""num_fn"": 0}, ""mouseover"": {""state"": {""target"": [], ""time"": []}, ""edge"": {""target"": [], ""time"": []}}, ""mouseout"": {""state"": {""target"": [], ""time"": []}, ""edge"": {""target"": [], ""time"": []}}}, ""trialTime"": 125090, ""trial_type"": ""mouselab-mdp"", ""trial_index"": 23, ""time_elapsed"": 1164297, ""internal_node_id"": ""0.0-4.0-1.0-9.0""}]"
14,0,flowchart,4,8.4,1,1,27,male,0,"[{""stateRewards"": ["""", 10, 10, 10, 10, 5, 5, 10, 5, -5, 5, 5, 5], ""trial_id"": 18, ""block"": ""testing"", ""trialIndex"": 1, ""score"": -3, ""expectedScore"": 0, ""expectedRewards"": 0, ""simulationMode"": [], ""rewards"": [], ""path"": [""0""], ""rt"": [], ""delays"": [], ""actions"": [], ""actionTimes"": [], ""queries"": {""preselect"": {""state"": {""target"": [], ""time"": []}, ""clickable"": {""target"": [], ""time"": []}}, ""click"": {""state"": {""target"": [""9"", ""5"", ""6""], ""time"": [18349, 20720, 22041]}, ""edge"": {""target"": [], ""time"": []}, ""clickable"": {""target"": [true, true, true], ""time"": [18350, 20720, 22042]}}, ""flowchart"": {""index"": {""target"": [], ""time"": []}, ""answer"": {""target"": [], ""time"": []}, ""correct"": {""target"": [], ""time"": []}, ""answer_stats"": {""total"": [], ""correct"": []}}, ""quiz_selection"": {""gt"": [], ""answer"": [], ""tp"": [], ""fp"": [], ""tn"": [], ""fn"": [], ""num_tp"": 0, ""num_fp"": 0, ""num_tn"": 0, ""num_fn"": 0}, ""mouseover"": {""state"": {""target"": [], ""time"": []}, ""edge"": {""target"": [], ""time"": []}}, ""mouseout"": {""state"": {""target"": [], ""time"": []}, ""edge"": {""target"": [], ""time"": []}}}, ""trialTime"": 38832, ""trial_type"": ""mouselab-mdp"", ""trial_index"": 8, ""time_elapsed"": 265946, ""internal_node_id"": ""0.0-4.0-1.0-0.0""}, {""stateRewards"": ["""", -10, 5, -10, 5, 10, 10, -5, -10, -5, 10, -5, 10], ""trial_id"": 42, ""block"": ""testing"", ""trialIndex"": 2, ""score"": -5, ""expectedScore"": 0, ""expectedRewards"": 0, ""simulationMode"": [], ""rewards"": [], ""path"": [""0""], ""rt"": [], ""delays"": [], ""actions"": [], ""actionTimes"": [], ""queries"": {""preselect"": {""state"": {""target"": [], ""time"": []}, ""clickable"": {""target"": [], ""time"": []}}, ""click"": {""state"": {""target"": [""9"", ""5"", ""6"", ""8"", ""7""], ""time"": [8709, 10297, 23621, 24499, 25242]}, ""edge"": {""target"": [], ""time"": []}, ""clickable"": {""target"": [true, true, false, true, true], ""time"": [8710, 10298, 23622, 24500, 25242]}}, ""flowchart"": {""index"": {""target"": [], ""time"": []}, ""answer"": {""target"": [], ""time"": []}, ""correct"": {""target"": [], ""time"": []}, ""answer_stats"": {""total"": [], ""correct"": []}}, ""quiz_selection"": {""gt"": [], ""answer"": [], ""tp"": [], ""fp"": [], ""tn"": [], ""fn"": [], ""num_tp"": 0, ""num_fp"": 0, ""num_tn"": 0, ""num_fn"": 0}, ""mouseover"": {""state"": {""target"": [], ""time"": []}, ""edge"": {""target"": [], ""time"": []}}, ""mouseout"": {""state"": {""target"": [], ""time"": []}, ""edge"": {""target"": [], ""time"": []}}}, ""trialTime"": 32623, ""trial_type"": ""mouselab-mdp"", ""trial_index"": 9, ""time_elapsed"": 299766, ""internal_node_id"": ""0.0-4.0-1.0-1.0""}, {""stateRewards"": ["""", 10, -5, -5, 10, 5, -5, -10, 10, 5, 10, -5, 10], ""trial_id"": 10, ""block"": ""testing"", ""trialIndex"": 3, ""score"": -4, ""expectedScore"": 0, ""expectedRewards"": 0, ""simulationMode"": [], ""rewards"": [], ""path"": [""0""], ""rt"": [], ""delays"": [], ""actions"": [], ""actionTimes"": [], ""queries"": {""preselect"": {""state"": {""target"": [], ""time"": []}, ""clickable"": {""target"": [], ""time"": []}}, ""click"": {""state"": {""target"": [""9"", ""10"", ""12"", ""11""], ""time"": [5790, 7904, 10669, 12989]}, ""edge"": {""target"": [], ""time"": []}, ""clickable"": {""target"": [true, true, true, true], ""time"": [5791, 7905, 10669, 12990]}}, ""flowchart"": {""index"": {""target"": [], ""time"": []}, ""answer"": {""target"": [], ""time"": []}, ""correct"": {""target"": [], ""time"": []}, ""answer_stats"": {""total"": [], ""correct"": []}}, ""quiz_selection"": {""gt"": [], ""answer"": [], ""tp"": [], ""fp"": [], ""tn"": [], ""fn"": [], ""num_tp"": 0, ""num_fp"": 0, ""num_tn"": 0, ""num_fn"": 0}, ""mouseover"": {""state"": {""target"": [], ""time"": []}, ""edge"": {""target"": [], ""time"": []}}, ""mouseout"": {""state"": {""target"": [], ""time"": []}, ""edge"": {""target"": [], ""time"": []}}}, ""trialTime"": 19674, ""trial_type"": ""mouselab-mdp"", ""trial_index"": 10, ""time_elapsed"": 320650, ""internal_node_id"": ""0.0-4.0-1.0-2.0""}, {""stateRewards"": ["""", 10, -10, 10, 5, 5, -10, -10, 10, -10, -5, 5, 10], ""trial_id"": 38, ""block"": ""testing"", ""trialIndex"": 4, ""score"": -7, ""expectedScore"": 0, ""expectedRewards"": 0, ""simulationMode"": [], ""rewards"": [], ""path"": [""0""], ""rt"": [], ""delays"": [], ""actions"": [], ""actionTimes"": [], ""queries"": {""preselect"": {""state"": {""target"": [], ""time"": []}, ""clickable"": {""target"": [], ""time"": []}}, ""click"": {""state"": {""target"": [""9"", ""5"", ""6"", ""1"", ""2"", ""4"", ""3""], ""time"": [5063, 6986, 8290, 11576, 13965, 14746, 15648]}, ""edge"": {""target"": [], ""time"": []}, ""clickable"": {""target"": [true, true, true, true, false, true, true], ""time"": [5063, 6987, 8290, 11577, 13966, 14746, 15648]}}, ""flowchart"": {""index"": {""target"": [], ""time"": []}, ""answer"": {""target"": [], ""time"": []}, ""correct"": {""target"": [], ""time"": []}, ""answer_stats"": {""total"": [], ""correct"": []}}, ""quiz_selection"": {""gt"": [], ""answer"": [], ""tp"": [], ""fp"": [], ""tn"": [], ""fn"": [], ""num_tp"": 0, ""num_fp"": 0, ""num_tn"": 0, ""num_fn"": 0}, ""mouseover"": {""state"": {""target"": [], ""time"": []}, ""edge"": {""target"": [], ""time"": []}}, ""mouseout"": {""state"": {""target"": [], ""time"": []}, ""edge"": {""target"": [], ""time"": []}}}, ""trialTime"": 19898, ""trial_type"": ""mouselab-mdp"", ""trial_index"": 11, ""time_elapsed"": 341738, ""internal_node_id"": ""0.0-4.0-1.0-3.0""}, {""stateRewards"": ["""", 5, -10, 10, -5, -5, 5, 10, -5, 5, 10, -5, -5], ""trial_id"": 2, ""block"": ""testing"", ""trialIndex"": 5, ""score"": -4, ""expectedScore"": 0, ""expectedRewards"": 0, ""simulationMode"": [], ""rewards"": [], ""path"": [""0""], ""rt"": [], ""delays"": [], ""actions"": [], ""actionTimes"": [], ""queries"": {""preselect"": {""state"": {""target"": [], ""time"": []}, ""clickable"": {""target"": [], ""time"": []}}, ""click"": {""state"": {""target"": [""9"", ""10"", ""12"", ""11""], ""time"": [4330, 5536, 6312, 6884]}, ""edge"": {""target"": [], ""time"": []}, ""clickable"": {""target"": [true, true, true, true], ""time"": [4330, 5536, 6313, 6884]}}, ""flowchart"": {""index"": {""target"": [], ""time"": []}, ""answer"": {""target"": [], ""time"": []}, ""correct"": {""target"": [], ""time"": []}, ""answer_stats"": {""total"": [], ""correct"": []}}, ""quiz_selection"": {""gt"": [], ""answer"": [], ""tp"": [], ""fp"": [], ""tn"": [], ""fn"": [], ""num_tp"": 0, ""num_fp"": 0, ""num_tn"": 0, ""num_fn"": 0}, ""mouseover"": {""state"": {""target"": [], ""time"": []}, ""edge"": {""target"": [], ""time"": []}}, ""mouseout"": {""state"": {""target"": [], ""time"": []}, ""edge"": {""target"": [], ""time"": []}}}, ""trialTime"": 12425, ""trial_type"": ""mouselab-mdp"", ""trial_index"": 12, ""time_elapsed"": 355345, ""internal_node_id"": ""0.0-4.0-1.0-4.0""}, {""stateRewards"": ["""", -10, -10, -10, -5, 10, 5, -10, 10, 10, -5, -5, 5], ""trial_id"": 20, ""block"": ""testing"", ""trialIndex"": 6, ""score"": -4, ""expectedScore"": 0, ""expectedRewards"": 0, ""simulationMode"": [], ""rewards"": [], ""path"": [""0""], ""rt"": [], ""delays"": [], ""actions"": [], ""actionTimes"": [], ""queries"": {""preselect"": {""state"": {""target"": [], ""time"": []}, ""clickable"": {""target"": [], ""time"": []}}, ""click"": {""state"": {""target"": [""9"", ""10"", ""12"", ""11""], ""time"": [2327, 3678, 4811, 5714]}, ""edge"": {""target"": [], ""time"": []}, ""clickable"": {""target"": [true, false, true, true], ""time"": [2328, 3679, 4812, 5714]}}, ""flowchart"": {""index"": {""target"": [], ""time"": []}, ""answer"": {""target"": [], ""time"": []}, ""correct"": {""target"": [], ""time"": []}, ""answer_stats"": {""total"": [], ""correct"": []}}, ""quiz_selection"": {""gt"": [], ""answer"": [], ""tp"": [], ""fp"": [], ""tn"": [], ""fn"": [], ""num_tp"": 0, ""num_fp"": 0, ""num_tn"": 0, ""num_fn"": 0}, ""mouseover"": {""state"": {""target"": [], ""time"": []}, ""edge"": {""target"": [], ""time"": []}}, ""mouseout"": {""state"": {""target"": [], ""time"": []}, ""edge"": {""target"": [], ""time"": []}}}, ""trialTime"": 12247, ""trial_type"": ""mouselab-mdp"", ""trial_index"": 13, ""time_elapsed"": 368780, ""internal_node_id"": ""0.0-4.0-1.0-5.0""}, {""stateRewards"": ["""", -10, 10, -10, -5, 10, 10, -5, -10, 10, -10, -5, -5], ""trial_id"": 59, ""block"": ""testing"", ""trialIndex"": 7, ""score"": -8, ""expectedScore"": 0, ""expectedRewards"": 0, ""simulationMode"": [], ""rewards"": [], ""path"": [""0""], ""rt"": [], ""delays"": [], ""actions"": [], ""actionTimes"": [], ""queries"": {""preselect"": {""state"": {""target"": [], ""time"": []}, ""clickable"": {""target"": [], ""time"": []}}, ""click"": {""state"": {""target"": [""9"", ""10"", ""5"", ""12"", ""11"", ""6"", ""8"", ""7""], ""time"": [2595, 3618, 9688, 13497, 14399, 15758, 16248, 16689]}, ""edge"": {""target"": [], ""time"": []}, ""clickable"": {""target"": [true, false, false, true, true, false, true, true], ""time"": [2596, 3619, 9689, 13497, 14400, 15758, 16248, 16689]}}, ""flowchart"": {""index"": {""target"": [], ""time"": []}, ""answer"": {""target"": [], ""time"": []}, ""correct"": {""target"": [], ""time"": []}, ""answer_stats"": {""total"": [], ""correct"": []}}, ""quiz_selection"": {""gt"": [], ""answer"": [], ""tp"": [], ""fp"": [], ""tn"": [], ""fn"": [], ""num_tp"": 0, ""num_fp"": 0, ""num_tn"": 0, ""num_fn"": 0}, ""mouseover"": {""state"": {""target"": [], ""time"": []}, ""edge"": {""target"": [], ""time"": []}}, ""mouseout"": {""state"": {""target"": [], ""time"": []}, ""edge"": {""target"": [], ""time"": []}}}, ""trialTime"": 20599, ""trial_type"": ""mouselab-mdp"", ""trial_index"": 14, ""time_elapsed"": 390586, ""internal_node_id"": ""0.0-4.0-1.0-6.0""}, {""stateRewards"": ["""", -5, -10, -5, -10, -10, -5, 10, -5, -10, 5, 10, -5], ""trial_id"": 57, ""block"": ""testing"", ""trialIndex"": 8, ""score"": -6, ""expectedScore"": 0, ""expectedRewards"": 0, ""simulationMode"": [], ""rewards"": [], ""path"": [""0""], ""rt"": [], ""delays"": [], ""actions"": [], ""actionTimes"": [], ""queries"": {""preselect"": {""state"": {""target"": [], ""time"": []}, ""clickable"": {""target"": [], ""time"": []}}, ""click"": {""state"": {""target"": [""9"", ""5"", ""1"", ""2"", ""6"", ""10""], ""time"": [2076, 3250, 4026, 5490, 8406, 9384]}, ""edge"": {""target"": [], ""time"": []}, ""clickable"": {""target"": [true, true, true, true, true, true], ""time"": [2076, 3251, 4027, 5491, 8407, 9384]}}, ""flowchart"": {""index"": {""target"": [], ""time"": []}, ""answer"": {""target"": [], ""time"": []}, ""correct"": {""target"": [], ""time"": []}, ""answer_stats"": {""total"": [], ""correct"": []}}, ""quiz_selection"": {""gt"": [], ""answer"": [], ""tp"": [], ""fp"": [], ""tn"": [], ""fn"": [], ""num_tp"": 0, ""num_fp"": 0, ""num_tn"": 0, ""num_fn"": 0}, ""mouseover"": {""state"": {""target"": [], ""time"": []}, ""edge"": {""target"": [], ""time"": []}}, ""mouseout"": {""state"": {""target"": [], ""time"": []}, ""edge"": {""target"": [], ""time"": []}}}, ""trialTime"": 14404, ""trial_type"": ""mouselab-mdp"", ""trial_index"": 15, ""time_elapsed"": 406183, ""internal_node_id"": ""0.0-4.0-1.0-7.0""}, {""stateRewards"": ["""", 5, 10, -5, -10, 5, 5, -10, 10, 10, -5, -10, 5], ""trial_id"": 54, ""block"": ""testing"", ""trialIndex"": 9, ""score"": -4, ""expectedScore"": 0, ""expectedRewards"": 0, ""simulationMode"": [], ""rewards"": [], ""path"": [""0""], ""rt"": [], ""delays"": [], ""actions"": [], ""actionTimes"": [], ""queries"": {""preselect"": {""state"": {""target"": [], ""time"": []}, ""clickable"": {""target"": [], ""time"": []}}, ""click"": {""state"": {""target"": [""9"", ""10"", ""12"", ""11""], ""time"": [3167, 4782, 5348, 6338]}, ""edge"": {""target"": [], ""time"": []}, ""clickable"": {""target"": [true, false, true, true], ""time"": [3168, 4782, 5349, 6339]}}, ""flowchart"": {""index"": {""target"": [], ""time"": []}, ""answer"": {""target"": [], ""time"": []}, ""correct"": {""target"": [], ""time"": []}, ""answer_stats"": {""total"": [], ""correct"": []}}, ""quiz_selection"": {""gt"": [], ""answer"": [], ""tp"": [], ""fp"": [], ""tn"": [], ""fn"": [], ""num_tp"": 0, ""num_fp"": 0, ""num_tn"": 0, ""num_fn"": 0}, ""mouseover"": {""state"": {""target"": [], ""time"": []}, ""edge"": {""target"": [], ""time"": []}}, ""mouseout"": {""state"": {""target"": [], ""time"": []}, ""edge"": {""target"": [], ""time"": []}}}, ""trialTime"": 12622, ""trial_type"": ""mouselab-mdp"", ""trial_index"": 16, ""time_elapsed"": 419990, ""internal_node_id"": ""0.0-4.0-1.0-8.0""}, {""stateRewards"": ["""", -5, -10, 5, 10, 5, -10, -5, 10, 10, -5, 10, 5], ""trial_id"": 52, ""block"": ""testing"", ""trialIndex"": 10, ""score"": -4, ""expectedScore"": 0, ""expectedRewards"": 0, ""simulationMode"": [], ""rewards"": [], ""path"": [""0""], ""rt"": [], ""delays"": [], ""actions"": [], ""actionTimes"": [], ""queries"": {""preselect"": {""state"": {""target"": [], ""time"": []}, ""clickable"": {""target"": [], ""time"": []}}, ""click"": {""state"": {""target"": [""9"", ""10"", ""12"", ""11""], ""time"": [3315, 4937, 5917, 6487]}, ""edge"": {""target"": [], ""time"": []}, ""clickable"": {""target"": [true, false, true, true], ""time"": [3315, 4937, 5918, 6488]}}, ""flowchart"": {""index"": {""target"": [], ""time"": []}, ""answer"": {""target"": [], ""time"": []}, ""correct"": {""target"": [], ""time"": []}, ""answer_stats"": {""total"": [], ""correct"": []}}, ""quiz_selection"": {""gt"": [], ""answer"": [], ""tp"": [], ""fp"": [], ""tn"": [], ""fn"": [], ""num_tp"": 0, ""num_fp"": 0, ""num_tn"": 0, ""num_fn"": 0}, ""mouseover"": {""state"": {""target"": [], ""time"": []}, ""edge"": {""target"": [], ""time"": []}}, ""mouseout"": {""state"": {""target"": [], ""time"": []}, ""edge"": {""target"": [], ""time"": []}}}, ""trialTime"": 12337, ""trial_type"": ""mouselab-mdp"", ""trial_index"": 17, ""time_elapsed"": 433519, ""internal_node_id"": ""0.0-4.0-1.0-9.0""}]"
15,0,flowchart,4,20.4,1,1,27,Male,0,"[{""stateRewards"": ["""", -5, -10, 10, -5, 10, -10, 10, 10, -5, 10, -5, -10], ""trial_id"": 40, ""block"": ""testing"", ""trialIndex"": 1, ""score"": -4, ""expectedScore"": 0, ""expectedRewards"": 0, ""simulationMode"": [], ""rewards"": [], ""path"": [""0""], ""rt"": [], ""delays"": [], ""actions"": [], ""actionTimes"": [], ""queries"": {""preselect"": {""state"": {""target"": [], ""time"": []}, ""clickable"": {""target"": [], ""time"": []}}, ""click"": {""state"": {""target"": [""9"", ""5"", ""8"", ""7""], ""time"": [32462, 37719, 135047, 145275]}, ""edge"": {""target"": [], ""time"": []}, ""clickable"": {""target"": [true, true, true, true], ""time"": [32463, 37720, 135048, 145275]}}, ""flowchart"": {""index"": {""target"": [], ""time"": []}, ""answer"": {""target"": [], ""time"": []}, ""correct"": {""target"": [], ""time"": []}, ""answer_stats"": {""total"": [], ""correct"": []}}, ""quiz_selection"": {""gt"": [], ""answer"": [], ""tp"": [], ""fp"": [], ""tn"": [], ""fn"": [], ""num_tp"": 0, ""num_fp"": 0, ""num_tn"": 0, ""num_fn"": 0}, ""mouseover"": {""state"": {""target"": [], ""time"": []}, ""edge"": {""target"": [], ""time"": []}}, ""mouseout"": {""state"": {""target"": [], ""time"": []}, ""edge"": {""target"": [], ""time"": []}}}, ""trialTime"": 163447, ""trial_type"": ""mouselab-mdp"", ""trial_index"": 8, ""time_elapsed"": 503007, ""internal_node_id"": ""0.0-4.0-1.0-0.0""}, {""stateRewards"": ["""", -5, -10, 10, 5, -5, -10, 10, 10, 10, -5, -10, -5], ""trial_id"": 27, ""block"": ""testing"", ""trialIndex"": 2, ""score"": -3, ""expectedScore"": 0, ""expectedRewards"": 0, ""simulationMode"": [], ""rewards"": [], ""path"": [""0""], ""rt"": [], ""delays"": [], ""actions"": [], ""actionTimes"": [], ""queries"": {""preselect"": {""state"": {""target"": [], ""time"": []}, ""clickable"": {""target"": [], ""time"": []}}, ""click"": {""state"": {""target"": [""9"", ""12"", ""11""], ""time"": [21458, 42671, 63691]}, ""edge"": {""target"": [], ""time"": []}, ""clickable"": {""target"": [true, true, true], ""time"": [21459, 42672, 63692]}}, ""flowchart"": {""index"": {""target"": [], ""time"": []}, ""answer"": {""target"": [], ""time"": []}, ""correct"": {""target"": [], ""time"": []}, ""answer_stats"": {""total"": [], ""correct"": []}}, ""quiz_selection"": {""gt"": [], ""answer"": [], ""tp"": [], ""fp"": [], ""tn"": [], ""fn"": [], ""num_tp"": 0, ""num_fp"": 0, ""num_tn"": 0, ""num_fn"": 0}, ""mouseover"": {""state"": {""target"": [], ""time"": []}, ""edge"": {""target"": [], ""time"": []}}, ""mouseout"": {""state"": {""target"": [], ""time"": []}, ""edge"": {""target"": [], ""time"": []}}}, ""trialTime"": 72335, ""trial_type"": ""mouselab-mdp"", ""trial_index"": 9, ""time_elapsed"": 577155, ""internal_node_id"": ""0.0-4.0-1.0-1.0""}, {""stateRewards"": ["""", -5, -5, 5, 10, 10, -10, -10, -10, -10, 10, 10, 10], ""trial_id"": 4, ""block"": ""testing"", ""trialIndex"": 3, ""score"": -5, ""expectedScore"": 0, ""expectedRewards"": 0, ""simulationMode"": [], ""rewards"": [], ""path"": [""0""], ""rt"": [], ""delays"": [], ""actions"": [], ""actionTimes"": [], ""queries"": {""preselect"": {""state"": {""target"": [], ""time"": []}, ""clickable"": {""target"": [], ""time"": []}}, ""click"": {""state"": {""target"": [""9"", ""5"", ""8"", ""7"", ""1""], ""time"": [65447, 69426, 88035, 92028, 96881]}, ""edge"": {""target"": [], ""time"": []}, ""clickable"": {""target"": [true, true, true, true, false], ""time"": [65448, 69428, 88036, 92029, 96882]}}, ""flowchart"": {""index"": {""target"": [], ""time"": []}, ""answer"": {""target"": [], ""time"": []}, ""correct"": {""target"": [], ""time"": []}, ""answer_stats"": {""total"": [], ""correct"": []}}, ""quiz_selection"": {""gt"": [], ""answer"": [], ""tp"": [], ""fp"": [], ""tn"": [], ""fn"": [], ""num_tp"": 0, ""num_fp"": 0, ""num_tn"": 0, ""num_fn"": 0}, ""mouseover"": {""state"": {""target"": [], ""time"": []}, ""edge"": {""target"": [], ""time"": []}}, ""mouseout"": {""state"": {""target"": [], ""time"": []}, ""edge"": {""target"": [], ""time"": []}}}, ""trialTime"": 127663, ""trial_type"": ""mouselab-mdp"", ""trial_index"": 10, ""time_elapsed"": 706627, ""internal_node_id"": ""0.0-4.0-1.0-2.0""}, {""stateRewards"": ["""", 5, 10, -5, -10, 5, 5, -10, 10, 10, -5, -10, 5], ""trial_id"": 54, ""block"": ""testing"", ""trialIndex"": 4, ""score"": -3, ""expectedScore"": 0, ""expectedRewards"": 0, ""simulationMode"": [], ""rewards"": [], ""path"": [""0""], ""rt"": [], ""delays"": [], ""actions"": [], ""actionTimes"": [], ""queries"": {""preselect"": {""state"": {""target"": [], ""time"": []}, ""clickable"": {""target"": [], ""time"": []}}, ""click"": {""state"": {""target"": [""9"", ""12"", ""11""], ""time"": [7542, 15014, 19945]}, ""edge"": {""target"": [], ""time"": []}, ""clickable"": {""target"": [true, true, true], ""time"": [7543, 15015, 19946]}}, ""flowchart"": {""index"": {""target"": [], ""time"": []}, ""answer"": {""target"": [], ""time"": []}, ""correct"": {""target"": [], ""time"": []}, ""answer_stats"": {""total"": [], ""correct"": []}}, ""quiz_selection"": {""gt"": [], ""answer"": [], ""tp"": [], ""fp"": [], ""tn"": [], ""fn"": [], ""num_tp"": 0, ""num_fp"": 0, ""num_tn"": 0, ""num_fn"": 0}, ""mouseover"": {""state"": {""target"": [], ""time"": []}, ""edge"": {""target"": [], ""time"": []}}, ""mouseout"": {""state"": {""target"": [], ""time"": []}, ""edge"": {""target"": [], ""time"": []}}}, ""trialTime"": 31224, ""trial_type"": ""mouselab-mdp"", ""trial_index"": 11, ""time_elapsed"": 739641, ""internal_node_id"": ""0.0-4.0-1.0-3.0""}, {""stateRewards"": ["""", -5, 10, -10, -10, 5, 5, -5, 5, 10, 5, -5, -5], ""trial_id"": 55, ""block"": ""testing"", ""trialIndex"": 5, ""score"": -3, ""expectedScore"": 0, ""expectedRewards"": 0, ""simulationMode"": [], ""rewards"": [], ""path"": [""0""], ""rt"": [], ""delays"": [], ""actions"": [], ""actionTimes"": [], ""queries"": {""preselect"": {""state"": {""target"": [], ""time"": []}, ""clickable"": {""target"": [], ""time"": []}}, ""click"": {""state"": {""target"": [""9"", ""12"", ""11""], ""time"": [14198, 19852, 22920]}, ""edge"": {""target"": [], ""time"": []}, ""clickable"": {""target"": [true, true, true], ""time"": [14199, 19853, 22921]}}, ""flowchart"": {""index"": {""target"": [], ""time"": []}, ""answer"": {""target"": [], ""time"": []}, ""correct"": {""target"": [], ""time"": []}, ""answer_stats"": {""total"": [], ""correct"": []}}, ""quiz_selection"": {""gt"": [], ""answer"": [], ""tp"": [], ""fp"": [], ""tn"": [], ""fn"": [], ""num_tp"": 0, ""num_fp"": 0, ""num_tn"": 0, ""num_fn"": 0}, ""mouseover"": {""state"": {""target"": [], ""time"": []}, ""edge"": {""target"": [], ""time"": []}}, ""mouseout"": {""state"": {""target"": [], ""time"": []}, ""edge"": {""target"": [], ""time"": []}}}, ""trialTime"": 35710, ""trial_type"": ""mouselab-mdp"", ""trial_index"": 12, ""time_elapsed"": 776611, ""internal_node_id"": ""0.0-4.0-1.0-4.0""}, {""stateRewards"": ["""", 10, -10, 10, 5, 5, -10, -10, 10, -10, -5, 5, 10], ""trial_id"": 38, ""block"": ""testing"", ""trialIndex"": 6, ""score"": -6, ""expectedScore"": 0, ""expectedRewards"": 0, ""simulationMode"": [], ""rewards"": [], ""path"": [""0""], ""rt"": [], ""delays"": [], ""actions"": [], ""actionTimes"": [], ""queries"": {""preselect"": {""state"": {""target"": [], ""time"": []}, ""clickable"": {""target"": [], ""time"": []}}, ""click"": {""state"": {""target"": [""9"", ""5"", ""6"", ""1"", ""4"", ""3""], ""time"": [7721, 11008, 24912, 28552, 57540, 59751]}, ""edge"": {""target"": [], ""time"": []}, ""clickable"": {""target"": [true, true, true, true, true, true], ""time"": [7722, 11009, 24913, 28553, 57541, 59752]}}, ""flowchart"": {""index"": {""target"": [], ""time"": []}, ""answer"": {""target"": [], ""time"": []}, ""correct"": {""target"": [], ""time"": []}, ""answer_stats"": {""total"": [], ""correct"": []}}, ""quiz_selection"": {""gt"": [], ""answer"": [], ""tp"": [], ""fp"": [], ""tn"": [], ""fn"": [], ""num_tp"": 0, ""num_fp"": 0, ""num_tn"": 0, ""num_fn"": 0}, ""mouseover"": {""state"": {""target"": [], ""time"": []}, ""edge"": {""target"": [], ""time"": []}}, ""mouseout"": {""state"": {""target"": [], ""time"": []}, ""edge"": {""target"": [], ""time"": []}}}, ""trialTime"": 68580, ""trial_type"": ""mouselab-mdp"", ""trial_index"": 13, ""time_elapsed"": 846443, ""internal_node_id"": ""0.0-4.0-1.0-5.0""}, {""stateRewards"": ["""", 5, -10, -5, -10, 5, -10, -5, -10, 5, -10, -5, -5], ""trial_id"": 58, ""block"": ""testing"", ""trialIndex"": 7, ""score"": -6, ""expectedScore"": 0, ""expectedRewards"": 0, ""simulationMode"": [], ""rewards"": [], ""path"": [""0""], ""rt"": [], ""delays"": [], ""actions"": [], ""actionTimes"": [], ""queries"": {""preselect"": {""state"": {""target"": [], ""time"": []}, ""clickable"": {""target"": [], ""time"": []}}, ""click"": {""state"": {""target"": [""9"", ""10"", ""5"", ""6"", ""1"", ""2""], ""time"": [5769, 8561, 11168, 16001, 18419, 21799]}, ""edge"": {""target"": [], ""time"": []}, ""clickable"": {""target"": [true, true, true, true, true, true], ""time"": [5769, 8562, 11169, 16002, 18420, 21800]}}, ""flowchart"": {""index"": {""target"": [], ""time"": []}, ""answer"": {""target"": [], ""time"": []}, ""correct"": {""target"": [], ""time"": []}, ""answer_stats"": {""total"": [], ""correct"": []}}, ""quiz_selection"": {""gt"": [], ""answer"": [], ""tp"": [], ""fp"": [], ""tn"": [], ""fn"": [], ""num_tp"": 0, ""num_fp"": 0, ""num_tn"": 0, ""num_fn"": 0}, ""mouseover"": {""state"": {""target"": [], ""time"": []}, ""edge"": {""target"": [], ""time"": []}}, ""mouseout"": {""state"": {""target"": [], ""time"": []}, ""edge"": {""target"": [], ""time"": []}}}, ""trialTime"": 34397, ""trial_type"": ""mouselab-mdp"", ""trial_index"": 14, ""time_elapsed"": 882660, ""internal_node_id"": ""0.0-4.0-1.0-6.0""}, {""stateRewards"": ["""", 5, -5, 5, -10, 5, -5, 10, -5, -10, -10, -5, -10], ""trial_id"": 35, ""block"": ""testing"", ""trialIndex"": 8, ""score"": -5, ""expectedScore"": 0, ""expectedRewards"": 0, ""simulationMode"": [], ""rewards"": [], ""path"": [""0""], ""rt"": [], ""delays"": [], ""actions"": [], ""actionTimes"": [], ""queries"": {""preselect"": {""state"": {""target"": [], ""time"": []}, ""clickable"": {""target"": [], ""time"": []}}, ""click"": {""state"": {""target"": [""9"", ""5"", ""6"", ""1"", ""2""], ""time"": [12783, 14526, 16670, 18526, 21702]}, ""edge"": {""target"": [], ""time"": []}, ""clickable"": {""target"": [true, true, true, true, true], ""time"": [12784, 14527, 16671, 18527, 21703]}}, ""flowchart"": {""index"": {""target"": [], ""time"": []}, ""answer"": {""target"": [], ""time"": []}, ""correct"": {""target"": [], ""time"": []}, ""answer_stats"": {""total"": [], ""correct"": []}}, ""quiz_selection"": {""gt"": [], ""answer"": [], ""tp"": [], ""fp"": [], ""tn"": [], ""fn"": [], ""num_tp"": 0, ""num_fp"": 0, ""num_tn"": 0, ""num_fn"": 0}, ""mouseover"": {""state"": {""target"": [], ""time"": []}, ""edge"": {""target"": [], ""time"": []}}, ""mouseout"": {""state"": {""target"": [], ""time"": []}, ""edge"": {""target"": [], ""time"": []}}}, ""trialTime"": 37323, ""trial_type"": ""mouselab-mdp"", ""trial_index"": 15, ""time_elapsed"": 921237, ""internal_node_id"": ""0.0-4.0-1.0-7.0""}, {""stateRewards"": ["""", 10, 10, 10, 10, 5, 5, 10, 5, -5, 5, 5, 5], ""trial_id"": 18, ""block"": ""testing"", ""trialIndex"": 9, ""score"": -3, ""expectedScore"": 0, ""expectedRewards"": 0, ""simulationMode"": [], ""rewards"": [], ""path"": [""0""], ""rt"": [], ""delays"": [], ""actions"": [], ""actionTimes"": [], ""queries"": {""preselect"": {""state"": {""target"": [], ""time"": []}, ""clickable"": {""target"": [], ""time"": []}}, ""click"": {""state"": {""target"": [""9"", ""5"", ""6""], ""time"": [4334, 6200, 8194]}, ""edge"": {""target"": [], ""time"": []}, ""clickable"": {""target"": [true, true, true], ""time"": [4335, 6201, 8195]}}, ""flowchart"": {""index"": {""target"": [], ""time"": []}, ""answer"": {""target"": [], ""time"": []}, ""correct"": {""target"": [], ""time"": []}, ""answer_stats"": {""total"": [], ""correct"": []}}, ""quiz_selection"": {""gt"": [], ""answer"": [], ""tp"": [], ""fp"": [], ""tn"": [], ""fn"": [], ""num_tp"": 0, ""num_fp"": 0, ""num_tn"": 0, ""num_fn"": 0}, ""mouseover"": {""state"": {""target"": [], ""time"": []}, ""edge"": {""target"": [], ""time"": []}}, ""mouseout"": {""state"": {""target"": [], ""time"": []}, ""edge"": {""target"": [], ""time"": []}}}, ""trialTime"": 39733, ""trial_type"": ""mouselab-mdp"", ""trial_index"": 16, ""time_elapsed"": 962237, ""internal_node_id"": ""0.0-4.0-1.0-8.0""}, {""stateRewards"": ["""", -5, 10, 10, 5, 5, -5, 5, -10, 5, -5, -5, -5], ""trial_id"": 30, ""block"": ""testing"", ""trialIndex"": 10, ""score"": -5, ""expectedScore"": 0, ""expectedRewards"": 0, ""simulationMode"": [], ""rewards"": [], ""path"": [""0""], ""rt"": [], ""delays"": [], ""actions"": [], ""actionTimes"": [], ""queries"": {""preselect"": {""state"": {""target"": [], ""time"": []}, ""clickable"": {""target"": [], ""time"": []}}, ""click"": {""state"": {""target"": [""9"", ""10"", ""5"", ""6"", ""1""], ""time"": [4035, 5298, 6944, 9705, 10864]}, ""edge"": {""target"": [], ""time"": []}, ""clickable"": {""target"": [true, true, true, true, true], ""time"": [4036, 5299, 6945, 9706, 10865]}}, ""flowchart"": {""index"": {""target"": [], ""time"": []}, ""answer"": {""target"": [], ""time"": []}, ""correct"": {""target"": [], ""time"": []}, ""answer_stats"": {""total"": [], ""correct"": []}}, ""quiz_selection"": {""gt"": [], ""answer"": [], ""tp"": [], ""fp"": [], ""tn"": [], ""fn"": [], ""num_tp"": 0, ""num_fp"": 0, ""num_tn"": 0, ""num_fn"": 0}, ""mouseover"": {""state"": {""target"": [], ""time"": []}, ""edge"": {""target"": [], ""time"": []}}, ""mouseout"": {""state"": {""target"": [], ""time"": []}, ""edge"": {""target"": [], ""time"": []}}}, ""trialTime"": 20817, ""trial_type"": ""mouselab-mdp"", ""trial_index"": 17, ""time_elapsed"": 984314, ""internal_node_id"": ""0.0-4.0-1.0-9.0""}]"
16,0,flowchart,4,15.5,1,2,39,female,0,"[{""stateRewards"": ["""", -5, 10, 10, -5, 10, -10, 10, 10, -10, 10, -5, 5], ""trial_id"": 23, ""block"": ""testing"", ""trialIndex"": 1, ""score"": -4, ""expectedScore"": 0, ""expectedRewards"": 0, ""simulationMode"": [], ""rewards"": [], ""path"": [""0""], ""rt"": [], ""delays"": [], ""actions"": [], ""actionTimes"": [], ""queries"": {""preselect"": {""state"": {""target"": [], ""time"": []}, ""clickable"": {""target"": [], ""time"": []}}, ""click"": {""state"": {""target"": [""5"", ""6"", ""7"", ""8""], ""time"": [25655, 40522, 48410, 50053]}, ""edge"": {""target"": [], ""time"": []}, ""clickable"": {""target"": [true, false, true, true], ""time"": [25656, 40524, 48411, 50054]}}, ""flowchart"": {""index"": {""target"": [], ""time"": []}, ""answer"": {""target"": [], ""time"": []}, ""correct"": {""target"": [], ""time"": []}, ""answer_stats"": {""total"": [], ""correct"": []}}, ""quiz_selection"": {""gt"": [], ""answer"": [], ""tp"": [], ""fp"": [], ""tn"": [], ""fn"": [], ""num_tp"": 0, ""num_fp"": 0, ""num_tn"": 0, ""num_fn"": 0}, ""mouseover"": {""state"": {""target"": [], ""time"": []}, ""edge"": {""target"": [], ""time"": []}}, ""mouseout"": {""state"": {""target"": [], ""time"": []}, ""edge"": {""target"": [], ""time"": []}}}, ""trialTime"": 61951, ""trial_type"": ""mouselab-mdp"", ""trial_index"": 10, ""time_elapsed"": 482258, ""internal_node_id"": ""0.0-4.0-1.0-0.0""}, {""stateRewards"": ["""", 5, 5, -10, -10, 10, 5, 5, 5, -5, 10, -5, -10], ""trial_id"": 16, ""block"": ""testing"", ""trialIndex"": 2, ""score"": -4, ""expectedScore"": 0, ""expectedRewards"": 0, ""simulationMode"": [], ""rewards"": [], ""path"": [""0""], ""rt"": [], ""delays"": [], ""actions"": [], ""actionTimes"": [], ""queries"": {""preselect"": {""state"": {""target"": [], ""time"": []}, ""clickable"": {""target"": [], ""time"": []}}, ""click"": {""state"": {""target"": [""5"", ""6"", ""7"", ""8""], ""time"": [8470, 13477, 24851, 26161]}, ""edge"": {""target"": [], ""time"": []}, ""clickable"": {""target"": [true, false, true, true], ""time"": [8471, 13478, 24852, 26162]}}, ""flowchart"": {""index"": {""target"": [], ""time"": []}, ""answer"": {""target"": [], ""time"": []}, ""correct"": {""target"": [], ""time"": []}, ""answer_stats"": {""total"": [], ""correct"": []}}, ""quiz_selection"": {""gt"": [], ""answer"": [], ""tp"": [], ""fp"": [], ""tn"": [], ""fn"": [], ""num_tp"": 0, ""num_fp"": 0, ""num_tn"": 0, ""num_fn"": 0}, ""mouseover"": {""state"": {""target"": [], ""time"": []}, ""edge"": {""target"": [], ""time"": []}}, ""mouseout"": {""state"": {""target"": [], ""time"": []}, ""edge"": {""target"": [], ""time"": []}}}, ""trialTime"": 43284, ""trial_type"": ""mouselab-mdp"", ""trial_index"": 11, ""time_elapsed"": 527491, ""internal_node_id"": ""0.0-4.0-1.0-1.0""}, {""stateRewards"": ["""", -5, -10, 10, 5, -5, -10, 10, 10, 10, -5, -10, -5], ""trial_id"": 27, ""block"": ""testing"", ""trialIndex"": 3, ""score"": -4, ""expectedScore"": 0, ""expectedRewards"": 0, ""simulationMode"": [], ""rewards"": [], ""path"": [""0""], ""rt"": [], ""delays"": [], ""actions"": [], ""actionTimes"": [], ""queries"": {""preselect"": {""state"": {""target"": [], ""time"": []}, ""clickable"": {""target"": [], ""time"": []}}, ""click"": {""state"": {""target"": [""9"", ""10"", ""12"", ""11""], ""time"": [8179, 13650, 21091, 22765]}, ""edge"": {""target"": [], ""time"": []}, ""clickable"": {""target"": [true, false, true, true], ""time"": [8180, 13651, 21091, 22766]}}, ""flowchart"": {""index"": {""target"": [], ""time"": []}, ""answer"": {""target"": [], ""time"": []}, ""correct"": {""target"": [], ""time"": []}, ""answer_stats"": {""total"": [], ""correct"": []}}, ""quiz_selection"": {""gt"": [], ""answer"": [], ""tp"": [], ""fp"": [], ""tn"": [], ""fn"": [], ""num_tp"": 0, ""num_fp"": 0, ""num_tn"": 0, ""num_fn"": 0}, ""mouseover"": {""state"": {""target"": [], ""time"": []}, ""edge"": {""target"": [], ""time"": []}}, ""mouseout"": {""state"": {""target"": [], ""time"": []}, ""edge"": {""target"": [], ""time"": []}}}, ""trialTime"": 27314, ""trial_type"": ""mouselab-mdp"", ""trial_index"": 12, ""time_elapsed"": 556161, ""internal_node_id"": ""0.0-4.0-1.0-2.0""}, {""stateRewards"": ["""", 10, -5, 5, 10, 5, -5, -5, 5, -10, 10, 5, 10], ""trial_id"": 44, ""block"": ""testing"", ""trialIndex"": 4, ""score"": -7, ""expectedScore"": 0, ""expectedRewards"": 0, ""simulationMode"": [], ""rewards"": [], ""path"": [""0""], ""rt"": [], ""delays"": [], ""actions"": [], ""actionTimes"": [], ""queries"": {""preselect"": {""state"": {""target"": [], ""time"": []}, ""clickable"": {""target"": [], ""time"": []}}, ""click"": {""state"": {""target"": [""1"", ""5"", ""6"", ""9"", ""2"", ""4"", ""3""], ""time"": [4566, 20438, 26120, 32827, 35645, 37137, 38217]}, ""edge"": {""target"": [], ""time"": []}, ""clickable"": {""target"": [true, false, false, false, false, true, true], ""time"": [4567, 20439, 26122, 32828, 35645, 37138, 38218]}}, ""flowchart"": {""index"": {""target"": [], ""time"": []}, ""answer"": {""target"": [], ""time"": []}, ""correct"": {""target"": [], ""time"": []}, ""answer_stats"": {""total"": [], ""correct"": []}}, ""quiz_selection"": {""gt"": [], ""answer"": [], ""tp"": [], ""fp"": [], ""tn"": [], ""fn"": [], ""num_tp"": 0, ""num_fp"": 0, ""num_tn"": 0, ""num_fn"": 0}, ""mouseover"": {""state"": {""target"": [], ""time"": []}, ""edge"": {""target"": [], ""time"": []}}, ""mouseout"": {""state"": {""target"": [], ""time"": []}, ""edge"": {""target"": [], ""time"": []}}}, ""trialTime"": 45899, ""trial_type"": ""mouselab-mdp"", ""trial_index"": 13, ""time_elapsed"": 603347, ""internal_node_id"": ""0.0-4.0-1.0-3.0""}, {""stateRewards"": ["""", -5, -10, 5, 10, 5, -10, -5, 10, 10, -5, 10, 5], ""trial_id"": 52, ""block"": ""testing"", ""trialIndex"": 5, ""score"": -2, ""expectedScore"": 0, ""expectedRewards"": 0, ""simulationMode"": [], ""rewards"": [], ""path"": [""0""], ""rt"": [], ""delays"": [], ""actions"": [], ""actionTimes"": [], ""queries"": {""preselect"": {""state"": {""target"": [], ""time"": []}, ""clickable"": {""target"": [], ""time"": []}}, ""click"": {""state"": {""target"": [""5"", ""6""], ""time"": [3286, 12262]}, ""edge"": {""target"": [], ""time"": []}, ""clickable"": {""target"": [true, true], ""time"": [3287, 12262]}}, ""flowchart"": {""index"": {""target"": [], ""time"": []}, ""answer"": {""target"": [], ""time"": []}, ""correct"": {""target"": [], ""time"": []}, ""answer_stats"": {""total"": [], ""correct"": []}}, ""quiz_selection"": {""gt"": [], ""answer"": [], ""tp"": [], ""fp"": [], ""tn"": [], ""fn"": [], ""num_tp"": 0, ""num_fp"": 0, ""num_tn"": 0, ""num_fn"": 0}, ""mouseover"": {""state"": {""target"": [], ""time"": []}, ""edge"": {""target"": [], ""time"": []}}, ""mouseout"": {""state"": {""target"": [], ""time"": []}, ""edge"": {""target"": [], ""time"": []}}}, ""trialTime"": 21953, ""trial_type"": ""mouselab-mdp"", ""trial_index"": 14, ""time_elapsed"": 626581, ""internal_node_id"": ""0.0-4.0-1.0-4.0""}, {""stateRewards"": ["""", 5, -5, -10, 5, 10, -5, -5, -10, -5, -10, -5, 10], ""trial_id"": 37, ""block"": ""testing"", ""trialIndex"": 6, ""score"": -7, ""expectedScore"": 0, ""expectedRewards"": 0, ""simulationMode"": [], ""rewards"": [], ""path"": [""0""], ""rt"": [], ""delays"": [], ""actions"": [], ""actionTimes"": [], ""queries"": {""preselect"": {""state"": {""target"": [], ""time"": []}, ""clickable"": {""target"": [], ""time"": []}}, ""click"": {""state"": {""target"": [""9"", ""5"", ""6"", ""1"", ""2"", ""7"", ""8""], ""time"": [7654, 20666, 27945, 34242, 36073, 38717, 39777]}, ""edge"": {""target"": [], ""time"": []}, ""clickable"": {""target"": [true, true, false, false, false, true, true], ""time"": [7655, 20667, 27946, 34243, 36074, 38718, 39778]}}, ""flowchart"": {""index"": {""target"": [], ""time"": []}, ""answer"": {""target"": [], ""time"": []}, ""correct"": {""target"": [], ""time"": []}, ""answer_stats"": {""total"": [], ""correct"": []}}, ""quiz_selection"": {""gt"": [], ""answer"": [], ""tp"": [], ""fp"": [], ""tn"": [], ""fn"": [], ""num_tp"": 0, ""num_fp"": 0, ""num_tn"": 0, ""num_fn"": 0}, ""mouseover"": {""state"": {""target"": [], ""time"": []}, ""edge"": {""target"": [], ""time"": []}}, ""mouseout"": {""state"": {""target"": [], ""time"": []}, ""edge"": {""target"": [], ""time"": []}}}, ""trialTime"": 44383, ""trial_type"": ""mouselab-mdp"", ""trial_index"": 15, ""time_elapsed"": 672279, ""internal_node_id"": ""0.0-4.0-1.0-5.0""}, {""stateRewards"": ["""", -5, -10, 5, 10, 5, -10, -10, 10, -10, 5, -5, -5], ""trial_id"": 3, ""block"": ""testing"", ""trialIndex"": 7, ""score"": -2, ""expectedScore"": 0, ""expectedRewards"": 0, ""simulationMode"": [], ""rewards"": [], ""path"": [""0""], ""rt"": [], ""delays"": [], ""actions"": [], ""actionTimes"": [], ""queries"": {""preselect"": {""state"": {""target"": [], ""time"": []}, ""clickable"": {""target"": [], ""time"": []}}, ""click"": {""state"": {""target"": [""5"", ""6""], ""time"": [1770, 6050]}, ""edge"": {""target"": [], ""time"": []}, ""clickable"": {""target"": [true, true], ""time"": [1771, 6051]}}, ""flowchart"": {""index"": {""target"": [], ""time"": []}, ""answer"": {""target"": [], ""time"": []}, ""correct"": {""target"": [], ""time"": []}, ""answer_stats"": {""total"": [], ""correct"": []}}, ""quiz_selection"": {""gt"": [], ""answer"": [], ""tp"": [], ""fp"": [], ""tn"": [], ""fn"": [], ""num_tp"": 0, ""num_fp"": 0, ""num_tn"": 0, ""num_fn"": 0}, ""mouseover"": {""state"": {""target"": [], ""time"": []}, ""edge"": {""target"": [], ""time"": []}}, ""mouseout"": {""state"": {""target"": [], ""time"": []}, ""edge"": {""target"": [], ""time"": []}}}, ""trialTime"": 11842, ""trial_type"": ""mouselab-mdp"", ""trial_index"": 16, ""time_elapsed"": 685417, ""internal_node_id"": ""0.0-4.0-1.0-6.0""}, {""stateRewards"": ["""", -5, 10, -10, -10, 5, 5, -5, 5, 10, 5, -5, -5], ""trial_id"": 55, ""block"": ""testing"", ""trialIndex"": 8, ""score"": -4, ""expectedScore"": 0, ""expectedRewards"": 0, ""simulationMode"": [], ""rewards"": [], ""path"": [""0""], ""rt"": [], ""delays"": [], ""actions"": [], ""actionTimes"": [], ""queries"": {""preselect"": {""state"": {""target"": [], ""time"": []}, ""clickable"": {""target"": [], ""time"": []}}, ""click"": {""state"": {""target"": [""5"", ""6"", ""7"", ""8""], ""time"": [19537, 25024, 31624, 33115]}, ""edge"": {""target"": [], ""time"": []}, ""clickable"": {""target"": [true, true, false, false], ""time"": [19538, 25025, 31625, 33116]}}, ""flowchart"": {""index"": {""target"": [], ""time"": []}, ""answer"": {""target"": [], ""time"": []}, ""correct"": {""target"": [], ""time"": []}, ""answer_stats"": {""total"": [], ""correct"": []}}, ""quiz_selection"": {""gt"": [], ""answer"": [], ""tp"": [], ""fp"": [], ""tn"": [], ""fn"": [], ""num_tp"": 0, ""num_fp"": 0, ""num_tn"": 0, ""num_fn"": 0}, ""mouseover"": {""state"": {""target"": [], ""time"": []}, ""edge"": {""target"": [], ""time"": []}}, ""mouseout"": {""state"": {""target"": [], ""time"": []}, ""edge"": {""target"": [], ""time"": []}}}, ""trialTime"": 37391, ""trial_type"": ""mouselab-mdp"", ""trial_index"": 17, ""time_elapsed"": 724085, ""internal_node_id"": ""0.0-4.0-1.0-7.0""}, {""stateRewards"": ["""", -10, -10, 5, -10, -10, 5, -10, -10, -5, 10, 10, 5], ""trial_id"": 26, ""block"": ""testing"", ""trialIndex"": 9, ""score"": -3, ""expectedScore"": 0, ""expectedRewards"": 0, ""simulationMode"": [], ""rewards"": [], ""path"": [""0""], ""rt"": [], ""delays"": [], ""actions"": [], ""actionTimes"": [], ""queries"": {""preselect"": {""state"": {""target"": [], ""time"": []}, ""clickable"": {""target"": [], ""time"": []}}, ""click"": {""state"": {""target"": [""5"", ""1"", ""9""], ""time"": [2739, 8043, 9242]}, ""edge"": {""target"": [], ""time"": []}, ""clickable"": {""target"": [true, true, true], ""time"": [2739, 8045, 9243]}}, ""flowchart"": {""index"": {""target"": [], ""time"": []}, ""answer"": {""target"": [], ""time"": []}, ""correct"": {""target"": [], ""time"": []}, ""answer_stats"": {""total"": [], ""correct"": []}}, ""quiz_selection"": {""gt"": [], ""answer"": [], ""tp"": [], ""fp"": [], ""tn"": [], ""fn"": [], ""num_tp"": 0, ""num_fp"": 0, ""num_tn"": 0, ""num_fn"": 0}, ""mouseover"": {""state"": {""target"": [], ""time"": []}, ""edge"": {""target"": [], ""time"": []}}, ""mouseout"": {""state"": {""target"": [], ""time"": []}, ""edge"": {""target"": [], ""time"": []}}}, ""trialTime"": 16188, ""trial_type"": ""mouselab-mdp"", ""trial_index"": 18, ""time_elapsed"": 741559, ""internal_node_id"": ""0.0-4.0-1.0-8.0""}, {""stateRewards"": ["""", 10, -5, -5, 10, 5, -10, 10, -10, 5, -10, -10, -10], ""trial_id"": 24, ""block"": ""testing"", ""trialIndex"": 10, ""score"": -2, ""expectedScore"": 0, ""expectedRewards"": 0, ""simulationMode"": [null, null, null, null, null, null, null], ""rewards"": [], ""path"": [""0""], ""rt"": [42730, 1294, 208, 173, 45206, 1606, 223], ""delays"": [], ""actions"": [""left"", ""left"", ""left"", ""left"", ""right"", ""right"", ""right""], ""actionTimes"": [42764, 44059, 44269, 44443, 89650, 91257, 91481], ""queries"": {""preselect"": {""state"": {""target"": [], ""time"": []}, ""clickable"": {""target"": [], ""time"": []}}, ""click"": {""state"": {""target"": [""5"", ""6""], ""time"": [2157, 5984]}, ""edge"": {""target"": [], ""time"": []}, ""clickable"": {""target"": [true, true], ""time"": [2158, 5984]}}, ""flowchart"": {""index"": {""target"": [], ""time"": []}, ""answer"": {""target"": [], ""time"": []}, ""correct"": {""target"": [], ""time"": []}, ""answer_stats"": {""total"": [], ""correct"": []}}, ""quiz_selection"": {""gt"": [], ""answer"": [], ""tp"": [], ""fp"": [], ""tn"": [], ""fn"": [], ""num_tp"": 0, ""num_fp"": 0, ""num_tn"": 0, ""num_fn"": 0}, ""mouseover"": {""state"": {""target"": [], ""time"": []}, ""edge"": {""target"": [], ""time"": []}}, ""mouseout"": {""state"": {""target"": [], ""time"": []}, ""edge"": {""target"": [], ""time"": []}}}, ""trialTime"": 12630, ""trial_type"": ""mouselab-mdp"", ""trial_index"": 19, ""time_elapsed"": 755472, ""internal_node_id"": ""0.0-4.0-1.0-9.0""}]"
17,0,flowchart,4,9.1,1,1,30,female,0,"[{""stateRewards"": ["""", 5, -5, -10, -5, 10, 5, 5, 5, -10, -10, -10, 5], ""trial_id"": 12, ""block"": ""testing"", ""trialIndex"": 1, ""score"": -3, ""expectedScore"": 0, ""expectedRewards"": 0, ""simulationMode"": [], ""rewards"": [], ""path"": [""0""], ""rt"": [], ""delays"": [], ""actions"": [], ""actionTimes"": [], ""queries"": {""preselect"": {""state"": {""target"": [], ""time"": []}, ""clickable"": {""target"": [], ""time"": []}}, ""click"": {""state"": {""target"": [""9"", ""5"", ""6""], ""time"": [21819, 28089, 33552]}, ""edge"": {""target"": [], ""time"": []}, ""clickable"": {""target"": [true, true, false], ""time"": [21824, 28094, 33555]}}, ""flowchart"": {""index"": {""target"": [], ""time"": []}, ""answer"": {""target"": [], ""time"": []}, ""correct"": {""target"": [], ""time"": []}, ""answer_stats"": {""total"": [], ""correct"": []}}, ""quiz_selection"": {""gt"": [], ""answer"": [], ""tp"": [], ""fp"": [], ""tn"": [], ""fn"": [], ""num_tp"": 0, ""num_fp"": 0, ""num_tn"": 0, ""num_fn"": 0}, ""mouseover"": {""state"": {""target"": [], ""time"": []}, ""edge"": {""target"": [], ""time"": []}}, ""mouseout"": {""state"": {""target"": [], ""time"": []}, ""edge"": {""target"": [], ""time"": []}}}, ""trialTime"": 43123, ""trial_type"": ""mouselab-mdp"", ""trial_index"": 8, ""time_elapsed"": 285098, ""internal_node_id"": ""0.0-4.0-1.0-0.0""}, {""stateRewards"": ["""", -5, -5, 5, -10, 10, -5, -5, -10, -10, -5, 5, -5], ""trial_id"": 22, ""block"": ""testing"", ""trialIndex"": 2, ""score"": -3, ""expectedScore"": 0, ""expectedRewards"": 0, ""simulationMode"": [], ""rewards"": [], ""path"": [""0""], ""rt"": [], ""delays"": [], ""actions"": [], ""actionTimes"": [], ""queries"": {""preselect"": {""state"": {""target"": [], ""time"": []}, ""clickable"": {""target"": [], ""time"": []}}, ""click"": {""state"": {""target"": [""1"", ""5"", ""6""], ""time"": [21537, 23045, 28986]}, ""edge"": {""target"": [], ""time"": []}, ""clickable"": {""target"": [true, true, false], ""time"": [21541, 23049, 28990]}}, ""flowchart"": {""index"": {""target"": [], ""time"": []}, ""answer"": {""target"": [], ""time"": []}, ""correct"": {""target"": [], ""time"": []}, ""answer_stats"": {""total"": [], ""correct"": []}}, ""quiz_selection"": {""gt"": [], ""answer"": [], ""tp"": [], ""fp"": [], ""tn"": [], ""fn"": [], ""num_tp"": 0, ""num_fp"": 0, ""num_tn"": 0, ""num_fn"": 0}, ""mouseover"": {""state"": {""target"": [], ""time"": []}, ""edge"": {""target"": [], ""time"": []}}, ""mouseout"": {""state"": {""target"": [], ""time"": []}, ""edge"": {""target"": [], ""time"": []}}}, ""trialTime"": 34069, ""trial_type"": ""mouselab-mdp"", ""trial_index"": 9, ""time_elapsed"": 321179, ""internal_node_id"": ""0.0-4.0-1.0-1.0""}, {""stateRewards"": ["""", 5, -5, -5, 5, 5, 10, 10, 5, 10, -10, 10, 5], ""trial_id"": 25, ""block"": ""testing"", ""trialIndex"": 3, ""score"": -4, ""expectedScore"": 0, ""expectedRewards"": 0, ""simulationMode"": [], ""rewards"": [], ""path"": [""0""], ""rt"": [], ""delays"": [], ""actions"": [], ""actionTimes"": [], ""queries"": {""preselect"": {""state"": {""target"": [], ""time"": []}, ""clickable"": {""target"": [], ""time"": []}}, ""click"": {""state"": {""target"": [""1"", ""2"", ""5"", ""6""], ""time"": [10827, 15209, 16874, 18466]}, ""edge"": {""target"": [], ""time"": []}, ""clickable"": {""target"": [true, true, true, true], ""time"": [10830, 15212, 16880, 18470]}}, ""flowchart"": {""index"": {""target"": [], ""time"": []}, ""answer"": {""target"": [], ""time"": []}, ""correct"": {""target"": [], ""time"": []}, ""answer_stats"": {""total"": [], ""correct"": []}}, ""quiz_selection"": {""gt"": [], ""answer"": [], ""tp"": [], ""fp"": [], ""tn"": [], ""fn"": [], ""num_tp"": 0, ""num_fp"": 0, ""num_tn"": 0, ""num_fn"": 0}, ""mouseover"": {""state"": {""target"": [], ""time"": []}, ""edge"": {""target"": [], ""time"": []}}, ""mouseout"": {""state"": {""target"": [], ""time"": []}, ""edge"": {""target"": [], ""time"": []}}}, ""trialTime"": 26671, ""trial_type"": ""mouselab-mdp"", ""trial_index"": 10, ""time_elapsed"": 349769, ""internal_node_id"": ""0.0-4.0-1.0-2.0""}, {""stateRewards"": ["""", -10, 5, 5, -5, -5, 5, 10, -10, -5, -5, -10, 10], ""trial_id"": 53, ""block"": ""testing"", ""trialIndex"": 4, ""score"": -4, ""expectedScore"": 0, ""expectedRewards"": 0, ""simulationMode"": [], ""rewards"": [], ""path"": [""0""], ""rt"": [], ""delays"": [], ""actions"": [], ""actionTimes"": [], ""queries"": {""preselect"": {""state"": {""target"": [], ""time"": []}, ""clickable"": {""target"": [], ""time"": []}}, ""click"": {""state"": {""target"": [""1"", ""5"", ""9"", ""6""], ""time"": [4314, 6126, 7577, 9545]}, ""edge"": {""target"": [], ""time"": []}, ""clickable"": {""target"": [true, true, true, true], ""time"": [4318, 6129, 7582, 9549]}}, ""flowchart"": {""index"": {""target"": [], ""time"": []}, ""answer"": {""target"": [], ""time"": []}, ""correct"": {""target"": [], ""time"": []}, ""answer_stats"": {""total"": [], ""correct"": []}}, ""quiz_selection"": {""gt"": [], ""answer"": [], ""tp"": [], ""fp"": [], ""tn"": [], ""fn"": [], ""num_tp"": 0, ""num_fp"": 0, ""num_tn"": 0, ""num_fn"": 0}, ""mouseover"": {""state"": {""target"": [], ""time"": []}, ""edge"": {""target"": [], ""time"": []}}, ""mouseout"": {""state"": {""target"": [], ""time"": []}, ""edge"": {""target"": [], ""time"": []}}}, ""trialTime"": 16579, ""trial_type"": ""mouselab-mdp"", ""trial_index"": 11, ""time_elapsed"": 368355, ""internal_node_id"": ""0.0-4.0-1.0-3.0""}, {""stateRewards"": ["""", 5, -5, -10, 5, 5, 10, -10, 10, 5, 10, 10, -10], ""trial_id"": 48, ""block"": ""testing"", ""trialIndex"": 5, ""score"": -4, ""expectedScore"": 0, ""expectedRewards"": 0, ""simulationMode"": [], ""rewards"": [], ""path"": [""0""], ""rt"": [], ""delays"": [], ""actions"": [], ""actionTimes"": [], ""queries"": {""preselect"": {""state"": {""target"": [], ""time"": []}, ""clickable"": {""target"": [], ""time"": []}}, ""click"": {""state"": {""target"": [""1"", ""2"", ""5"", ""6""], ""time"": [4948, 6449, 8594, 11588]}, ""edge"": {""target"": [], ""time"": []}, ""clickable"": {""target"": [true, true, true, true], ""time"": [4951, 6452, 8599, 11591]}}, ""flowchart"": {""index"": {""target"": [], ""time"": []}, ""answer"": {""target"": [], ""time"": []}, ""correct"": {""target"": [], ""time"": []}, ""answer_stats"": {""total"": [], ""correct"": []}}, ""quiz_selection"": {""gt"": [], ""answer"": [], ""tp"": [], ""fp"": [], ""tn"": [], ""fn"": [], ""num_tp"": 0, ""num_fp"": 0, ""num_tn"": 0, ""num_fn"": 0}, ""mouseover"": {""state"": {""target"": [], ""time"": []}, ""edge"": {""target"": [], ""time"": []}}, ""mouseout"": {""state"": {""target"": [], ""time"": []}, ""edge"": {""target"": [], ""time"": []}}}, ""trialTime"": 20454, ""trial_type"": ""mouselab-mdp"", ""trial_index"": 12, ""time_elapsed"": 390524, ""internal_node_id"": ""0.0-4.0-1.0-4.0""}, {""stateRewards"": ["""", 10, -5, 5, 10, 5, -5, -5, 5, -10, 10, 5, 10], ""trial_id"": 44, ""block"": ""testing"", ""trialIndex"": 6, ""score"": -2, ""expectedScore"": 0, ""expectedRewards"": 0, ""simulationMode"": [], ""rewards"": [], ""path"": [""0""], ""rt"": [], ""delays"": [], ""actions"": [], ""actionTimes"": [], ""queries"": {""preselect"": {""state"": {""target"": [], ""time"": []}, ""clickable"": {""target"": [], ""time"": []}}, ""click"": {""state"": {""target"": [""1"", ""2""], ""time"": [4048, 11016]}, ""edge"": {""target"": [], ""time"": []}, ""clickable"": {""target"": [true, false], ""time"": [4051, 11019]}}, ""flowchart"": {""index"": {""target"": [], ""time"": []}, ""answer"": {""target"": [], ""time"": []}, ""correct"": {""target"": [], ""time"": []}, ""answer_stats"": {""total"": [], ""correct"": []}}, ""quiz_selection"": {""gt"": [], ""answer"": [], ""tp"": [], ""fp"": [], ""tn"": [], ""fn"": [], ""num_tp"": 0, ""num_fp"": 0, ""num_tn"": 0, ""num_fn"": 0}, ""mouseover"": {""state"": {""target"": [], ""time"": []}, ""edge"": {""target"": [], ""time"": []}}, ""mouseout"": {""state"": {""target"": [], ""time"": []}, ""edge"": {""target"": [], ""time"": []}}}, ""trialTime"": 16288, ""trial_type"": ""mouselab-mdp"", ""trial_index"": 13, ""time_elapsed"": 408522, ""internal_node_id"": ""0.0-4.0-1.0-5.0""}, {""stateRewards"": ["""", 10, 10, 10, 10, -5, -5, 10, 10, -5, 10, -10, -10], ""trial_id"": 47, ""block"": ""testing"", ""trialIndex"": 7, ""score"": -2, ""expectedScore"": 0, ""expectedRewards"": 0, ""simulationMode"": [], ""rewards"": [], ""path"": [""0""], ""rt"": [], ""delays"": [], ""actions"": [], ""actionTimes"": [], ""queries"": {""preselect"": {""state"": {""target"": [], ""time"": []}, ""clickable"": {""target"": [], ""time"": []}}, ""click"": {""state"": {""target"": [""1"", ""2""], ""time"": [2866, 8140]}, ""edge"": {""target"": [], ""time"": []}, ""clickable"": {""target"": [true, false], ""time"": [2869, 8143]}}, ""flowchart"": {""index"": {""target"": [], ""time"": []}, ""answer"": {""target"": [], ""time"": []}, ""correct"": {""target"": [], ""time"": []}, ""answer_stats"": {""total"": [], ""correct"": []}}, ""quiz_selection"": {""gt"": [], ""answer"": [], ""tp"": [], ""fp"": [], ""tn"": [], ""fn"": [], ""num_tp"": 0, ""num_fp"": 0, ""num_tn"": 0, ""num_fn"": 0}, ""mouseover"": {""state"": {""target"": [], ""time"": []}, ""edge"": {""target"": [], ""time"": []}}, ""mouseout"": {""state"": {""target"": [], ""time"": []}, ""edge"": {""target"": [], ""time"": []}}}, ""trialTime"": 12576, ""trial_type"": ""mouselab-mdp"", ""trial_index"": 14, ""time_elapsed"": 422830, ""internal_node_id"": ""0.0-4.0-1.0-6.0""}, {""stateRewards"": ["""", -5, -5, 5, -10, -5, 5, -5, -5, 5, -10, -5, 10], ""trial_id"": 6, ""block"": ""testing"", ""trialIndex"": 8, ""score"": -6, ""expectedScore"": 0, ""expectedRewards"": 0, ""simulationMode"": [], ""rewards"": [], ""path"": [""0""], ""rt"": [], ""delays"": [], ""actions"": [], ""actionTimes"": [], ""queries"": {""preselect"": {""state"": {""target"": [], ""time"": []}, ""clickable"": {""target"": [], ""time"": []}}, ""click"": {""state"": {""target"": [""1"", ""5"", ""9"", ""10"", ""2"", ""6""], ""time"": [2181, 3895, 5224, 6676, 9783, 11035]}, ""edge"": {""target"": [], ""time"": []}, ""clickable"": {""target"": [true, true, true, true, true, true], ""time"": [2189, 3899, 5231, 6680, 9788, 11038]}}, ""flowchart"": {""index"": {""target"": [], ""time"": []}, ""answer"": {""target"": [], ""time"": []}, ""correct"": {""target"": [], ""time"": []}, ""answer_stats"": {""total"": [], ""correct"": []}}, ""quiz_selection"": {""gt"": [], ""answer"": [], ""tp"": [], ""fp"": [], ""tn"": [], ""fn"": [], ""num_tp"": 0, ""num_fp"": 0, ""num_tn"": 0, ""num_fn"": 0}, ""mouseover"": {""state"": {""target"": [], ""time"": []}, ""edge"": {""target"": [], ""time"": []}}, ""mouseout"": {""state"": {""target"": [], ""time"": []}, ""edge"": {""target"": [], ""time"": []}}}, ""trialTime"": 15267, ""trial_type"": ""mouselab-mdp"", ""trial_index"": 15, ""time_elapsed"": 440141, ""internal_node_id"": ""0.0-4.0-1.0-7.0""}, {""stateRewards"": ["""", 10, -5, 5, -10, -5, 5, 10, -10, 5, 10, 10, 10], ""trial_id"": 32, ""block"": ""testing"", ""trialIndex"": 9, ""score"": -2, ""expectedScore"": 0, ""expectedRewards"": 0, ""simulationMode"": [], ""rewards"": [], ""path"": [""0""], ""rt"": [], ""delays"": [], ""actions"": [], ""actionTimes"": [], ""queries"": {""preselect"": {""state"": {""target"": [], ""time"": []}, ""clickable"": {""target"": [], ""time"": []}}, ""click"": {""state"": {""target"": [""1"", ""2""], ""time"": [5954, 8281]}, ""edge"": {""target"": [], ""time"": []}, ""clickable"": {""target"": [true, false], ""time"": [5958, 8286]}}, ""flowchart"": {""index"": {""target"": [], ""time"": []}, ""answer"": {""target"": [], ""time"": []}, ""correct"": {""target"": [], ""time"": []}, ""answer_stats"": {""total"": [], ""correct"": []}}, ""quiz_selection"": {""gt"": [], ""answer"": [], ""tp"": [], ""fp"": [], ""tn"": [], ""fn"": [], ""num_tp"": 0, ""num_fp"": 0, ""num_tn"": 0, ""num_fn"": 0}, ""mouseover"": {""state"": {""target"": [], ""time"": []}, ""edge"": {""target"": [], ""time"": []}}, ""mouseout"": {""state"": {""target"": [], ""time"": []}, ""edge"": {""target"": [], ""time"": []}}}, ""trialTime"": 12558, ""trial_type"": ""mouselab-mdp"", ""trial_index"": 16, ""time_elapsed"": 454391, ""internal_node_id"": ""0.0-4.0-1.0-8.0""}, {""stateRewards"": ["""", 5, -10, -5, 10, 5, -10, -5, -10, 5, -5, -5, 5], ""trial_id"": 51, ""block"": ""testing"", ""trialIndex"": 10, ""score"": -6, ""expectedScore"": 0, ""expectedRewards"": 0, ""simulationMode"": [], ""rewards"": [], ""path"": [""0""], ""rt"": [], ""delays"": [], ""actions"": [], ""actionTimes"": [], ""queries"": {""preselect"": {""state"": {""target"": [], ""time"": []}, ""clickable"": {""target"": [], ""time"": []}}, ""click"": {""state"": {""target"": [""1"", ""2"", ""5"", ""6"", ""9"", ""10""], ""time"": [3027, 4208, 5397, 6624, 7816, 8782]}, ""edge"": {""target"": [], ""time"": []}, ""clickable"": {""target"": [true, true, true, true, true, true], ""time"": [3032, 4217, 5401, 6628, 7825, 8786]}}, ""flowchart"": {""index"": {""target"": [], ""time"": []}, ""answer"": {""target"": [], ""time"": []}, ""correct"": {""target"": [], ""time"": []}, ""answer_stats"": {""total"": [], ""correct"": []}}, ""quiz_selection"": {""gt"": [], ""answer"": [], ""tp"": [], ""fp"": [], ""tn"": [], ""fn"": [], ""num_tp"": 0, ""num_fp"": 0, ""num_tn"": 0, ""num_fn"": 0}, ""mouseover"": {""state"": {""target"": [], ""time"": []}, ""edge"": {""target"": [], ""time"": []}}, ""mouseout"": {""state"": {""target"": [], ""time"": []}, ""edge"": {""target"": [], ""time"": []}}}, ""trialTime"": 14821, ""trial_type"": ""mouselab-mdp"", ""trial_index"": 17, ""time_elapsed"": 471046, ""internal_node_id"": ""0.0-4.0-1.0-9.0""}]"
18,0,flowchart,4,11.3,2,2,-,-,0,"[{""stateRewards"": ["""", 5, 10, -10, -10, 5, -5, 5, -5, 5, -10, 5, -10], ""trial_id"": 21, ""block"": ""testing"", ""trialIndex"": 1, ""score"": -4, ""expectedScore"": 0, ""expectedRewards"": 0, ""simulationMode"": [], ""rewards"": [], ""path"": [""0""], ""rt"": [], ""delays"": [], ""actions"": [], ""actionTimes"": [], ""queries"": {""preselect"": {""state"": {""target"": [], ""time"": []}, ""clickable"": {""target"": [], ""time"": []}}, ""click"": {""state"": {""target"": [""1"", ""2"", ""4"", ""3""], ""time"": [26605, 28444, 34252, 35204]}, ""edge"": {""target"": [], ""time"": []}, ""clickable"": {""target"": [true, true, true, true], ""time"": [26606, 28445, 34253, 35205]}}, ""flowchart"": {""index"": {""target"": [], ""time"": []}, ""answer"": {""target"": [], ""time"": []}, ""correct"": {""target"": [], ""time"": []}, ""answer_stats"": {""total"": [], ""correct"": []}}, ""quiz_selection"": {""gt"": [], ""answer"": [], ""tp"": [], ""fp"": [], ""tn"": [], ""fn"": [], ""num_tp"": 0, ""num_fp"": 0, ""num_tn"": 0, ""num_fn"": 0}, ""mouseover"": {""state"": {""target"": [], ""time"": []}, ""edge"": {""target"": [], ""time"": []}}, ""mouseout"": {""state"": {""target"": [], ""time"": []}, ""edge"": {""target"": [], ""time"": []}}}, ""trialTime"": 50194, ""trial_type"": ""mouselab-mdp"", ""trial_index"": 12, ""time_elapsed"": 383034, ""internal_node_id"": ""0.0-4.0-1.0-0.0""}, {""stateRewards"": ["""", -5, 10, 10, -5, 10, -10, 10, 10, -10, 10, -5, 5], ""trial_id"": 23, ""block"": ""testing"", ""trialIndex"": 2, ""score"": -5, ""expectedScore"": 0, ""expectedRewards"": 0, ""simulationMode"": [], ""rewards"": [], ""path"": [""0""], ""rt"": [], ""delays"": [], ""actions"": [], ""actionTimes"": [], ""queries"": {""preselect"": {""state"": {""target"": [], ""time"": []}, ""clickable"": {""target"": [], ""time"": []}}, ""click"": {""state"": {""target"": [""9"", ""5"", ""6"", ""1"", ""7""], ""time"": [18542, 23965, 30308, 40445, 47637]}, ""edge"": {""target"": [], ""time"": []}, ""clickable"": {""target"": [true, true, false, false, true], ""time"": [18542, 23965, 30309, 40446, 47637]}}, ""flowchart"": {""index"": {""target"": [], ""time"": []}, ""answer"": {""target"": [], ""time"": []}, ""correct"": {""target"": [], ""time"": []}, ""answer_stats"": {""total"": [], ""correct"": []}}, ""quiz_selection"": {""gt"": [], ""answer"": [], ""tp"": [], ""fp"": [], ""tn"": [], ""fn"": [], ""num_tp"": 0, ""num_fp"": 0, ""num_tn"": 0, ""num_fn"": 0}, ""mouseover"": {""state"": {""target"": [], ""time"": []}, ""edge"": {""target"": [], ""time"": []}}, ""mouseout"": {""state"": {""target"": [], ""time"": []}, ""edge"": {""target"": [], ""time"": []}}}, ""trialTime"": 63487, ""trial_type"": ""mouselab-mdp"", ""trial_index"": 13, ""time_elapsed"": 447855, ""internal_node_id"": ""0.0-4.0-1.0-1.0""}, {""stateRewards"": ["""", 10, 5, 5, -10, -10, 10, 5, 5, 10, -5, -10, -10], ""trial_id"": 14, ""block"": ""testing"", ""trialIndex"": 3, ""score"": -3, ""expectedScore"": 0, ""expectedRewards"": 0, ""simulationMode"": [], ""rewards"": [], ""path"": [""0""], ""rt"": [], ""delays"": [], ""actions"": [], ""actionTimes"": [], ""queries"": {""preselect"": {""state"": {""target"": [], ""time"": []}, ""clickable"": {""target"": [], ""time"": []}}, ""click"": {""state"": {""target"": [""5"", ""9"", ""10""], ""time"": [8786, 15329, 23689]}, ""edge"": {""target"": [], ""time"": []}, ""clickable"": {""target"": [true, true, false], ""time"": [8787, 15330, 23690]}}, ""flowchart"": {""index"": {""target"": [], ""time"": []}, ""answer"": {""target"": [], ""time"": []}, ""correct"": {""target"": [], ""time"": []}, ""answer_stats"": {""total"": [], ""correct"": []}}, ""quiz_selection"": {""gt"": [], ""answer"": [], ""tp"": [], ""fp"": [], ""tn"": [], ""fn"": [], ""num_tp"": 0, ""num_fp"": 0, ""num_tn"": 0, ""num_fn"": 0}, ""mouseover"": {""state"": {""target"": [], ""time"": []}, ""edge"": {""target"": [], ""time"": []}}, ""mouseout"": {""state"": {""target"": [], ""time"": []}, ""edge"": {""target"": [], ""time"": []}}}, ""trialTime"": 38354, ""trial_type"": ""mouselab-mdp"", ""trial_index"": 14, ""time_elapsed"": 488341, ""internal_node_id"": ""0.0-4.0-1.0-2.0""}, {""stateRewards"": ["""", 10, 5, 5, 10, 10, 10, 5, -5, 5, 10, 5, 5], ""trial_id"": 28, ""block"": ""testing"", ""trialIndex"": 4, ""score"": -2, ""expectedScore"": 0, ""expectedRewards"": 0, ""simulationMode"": [], ""rewards"": [], ""path"": [""0""], ""rt"": [], ""delays"": [], ""actions"": [], ""actionTimes"": [], ""queries"": {""preselect"": {""state"": {""target"": [], ""time"": []}, ""clickable"": {""target"": [], ""time"": []}}, ""click"": {""state"": {""target"": [""5"", ""6""], ""time"": [13331, 19115]}, ""edge"": {""target"": [], ""time"": []}, ""clickable"": {""target"": [true, false], ""time"": [13332, 19116]}}, ""flowchart"": {""index"": {""target"": [], ""time"": []}, ""answer"": {""target"": [], ""time"": []}, ""correct"": {""target"": [], ""time"": []}, ""answer_stats"": {""total"": [], ""correct"": []}}, ""quiz_selection"": {""gt"": [], ""answer"": [], ""tp"": [], ""fp"": [], ""tn"": [], ""fn"": [], ""num_tp"": 0, ""num_fp"": 0, ""num_tn"": 0, ""num_fn"": 0}, ""mouseover"": {""state"": {""target"": [], ""time"": []}, ""edge"": {""target"": [], ""time"": []}}, ""mouseout"": {""state"": {""target"": [], ""time"": []}, ""edge"": {""target"": [], ""time"": []}}}, ""trialTime"": 29060, ""trial_type"": ""mouselab-mdp"", ""trial_index"": 15, ""time_elapsed"": 518885, ""internal_node_id"": ""0.0-4.0-1.0-3.0""}, {""stateRewards"": ["""", 10, -5, -10, 10, -10, 10, 5, -5, -5, -5, 10, -5], ""trial_id"": 31, ""block"": ""testing"", ""trialIndex"": 5, ""score"": -4, ""expectedScore"": 0, ""expectedRewards"": 0, ""simulationMode"": [], ""rewards"": [], ""path"": [""0""], ""rt"": [], ""delays"": [], ""actions"": [], ""actionTimes"": [], ""queries"": {""preselect"": {""state"": {""target"": [], ""time"": []}, ""clickable"": {""target"": [], ""time"": []}}, ""click"": {""state"": {""target"": [""9"", ""5"", ""1"", ""2""], ""time"": [8811, 14196, 15787, 20580]}, ""edge"": {""target"": [], ""time"": []}, ""clickable"": {""target"": [true, true, true, false], ""time"": [8812, 14197, 15788, 20580]}}, ""flowchart"": {""index"": {""target"": [], ""time"": []}, ""answer"": {""target"": [], ""time"": []}, ""correct"": {""target"": [], ""time"": []}, ""answer_stats"": {""total"": [], ""correct"": []}}, ""quiz_selection"": {""gt"": [], ""answer"": [], ""tp"": [], ""fp"": [], ""tn"": [], ""fn"": [], ""num_tp"": 0, ""num_fp"": 0, ""num_tn"": 0, ""num_fn"": 0}, ""mouseover"": {""state"": {""target"": [], ""time"": []}, ""edge"": {""target"": [], ""time"": []}}, ""mouseout"": {""state"": {""target"": [], ""time"": []}, ""edge"": {""target"": [], ""time"": []}}}, ""trialTime"": 29568, ""trial_type"": ""mouselab-mdp"", ""trial_index"": 16, ""time_elapsed"": 549808, ""internal_node_id"": ""0.0-4.0-1.0-4.0""}, {""stateRewards"": ["""", -10, 10, -10, -5, 10, 10, -5, -10, 10, -10, -5, -5], ""trial_id"": 59, ""block"": ""testing"", ""trialIndex"": 6, ""score"": -2, ""expectedScore"": 0, ""expectedRewards"": 0, ""simulationMode"": [], ""rewards"": [], ""path"": [""0""], ""rt"": [], ""delays"": [], ""actions"": [], ""actionTimes"": [], ""queries"": {""preselect"": {""state"": {""target"": [], ""time"": []}, ""clickable"": {""target"": [], ""time"": []}}, ""click"": {""state"": {""target"": [""5"", ""6""], ""time"": [7489, 9616]}, ""edge"": {""target"": [], ""time"": []}, ""clickable"": {""target"": [true, false], ""time"": [7490, 9617]}}, ""flowchart"": {""index"": {""target"": [], ""time"": []}, ""answer"": {""target"": [], ""time"": []}, ""correct"": {""target"": [], ""time"": []}, ""answer_stats"": {""total"": [], ""correct"": []}}, ""quiz_selection"": {""gt"": [], ""answer"": [], ""tp"": [], ""fp"": [], ""tn"": [], ""fn"": [], ""num_tp"": 0, ""num_fp"": 0, ""num_tn"": 0, ""num_fn"": 0}, ""mouseover"": {""state"": {""target"": [], ""time"": []}, ""edge"": {""target"": [], ""time"": []}}, ""mouseout"": {""state"": {""target"": [], ""time"": []}, ""edge"": {""target"": [], ""time"": []}}}, ""trialTime"": 16163, ""trial_type"": ""mouselab-mdp"", ""trial_index"": 17, ""time_elapsed"": 567462, ""internal_node_id"": ""0.0-4.0-1.0-5.0""}, {""stateRewards"": ["""", -5, -10, 10, -5, 10, -10, 10, 10, -5, 10, -5, -10], ""trial_id"": 40, ""block"": ""testing"", ""trialIndex"": 7, ""score"": -4, ""expectedScore"": 0, ""expectedRewards"": 0, ""simulationMode"": [], ""rewards"": [], ""path"": [""0""], ""rt"": [], ""delays"": [], ""actions"": [], ""actionTimes"": [], ""queries"": {""preselect"": {""state"": {""target"": [], ""time"": []}, ""clickable"": {""target"": [], ""time"": []}}, ""click"": {""state"": {""target"": [""5"", ""6"", ""1"", ""9""], ""time"": [5171, 7394, 13154, 17282]}, ""edge"": {""target"": [], ""time"": []}, ""clickable"": {""target"": [true, false, false, false], ""time"": [5171, 7395, 13155, 17283]}}, ""flowchart"": {""index"": {""target"": [], ""time"": []}, ""answer"": {""target"": [], ""time"": []}, ""correct"": {""target"": [], ""time"": []}, ""answer_stats"": {""total"": [], ""correct"": []}}, ""quiz_selection"": {""gt"": [], ""answer"": [], ""tp"": [], ""fp"": [], ""tn"": [], ""fn"": [], ""num_tp"": 0, ""num_fp"": 0, ""num_tn"": 0, ""num_fn"": 0}, ""mouseover"": {""state"": {""target"": [], ""time"": []}, ""edge"": {""target"": [], ""time"": []}}, ""mouseout"": {""state"": {""target"": [], ""time"": []}, ""edge"": {""target"": [], ""time"": []}}}, ""trialTime"": 23184, ""trial_type"": ""mouselab-mdp"", ""trial_index"": 18, ""time_elapsed"": 591969, ""internal_node_id"": ""0.0-4.0-1.0-6.0""}, {""stateRewards"": ["""", -5, 5, -10, 5, -5, -5, 5, -5, 5, -10, 10, 5], ""trial_id"": 45, ""block"": ""testing"", ""trialIndex"": 8, ""score"": -5, ""expectedScore"": 0, ""expectedRewards"": 0, ""simulationMode"": [], ""rewards"": [], ""path"": [""0""], ""rt"": [], ""delays"": [], ""actions"": [], ""actionTimes"": [], ""queries"": {""preselect"": {""state"": {""target"": [], ""time"": []}, ""clickable"": {""target"": [], ""time"": []}}, ""click"": {""state"": {""target"": [""5"", ""1"", ""9"", ""10"", ""2""], ""time"": [7158, 8822, 10062, 13622, 17110]}, ""edge"": {""target"": [], ""time"": []}, ""clickable"": {""target"": [true, true, true, true, true], ""time"": [7159, 8822, 10063, 13623, 17111]}}, ""flowchart"": {""index"": {""target"": [], ""time"": []}, ""answer"": {""target"": [], ""time"": []}, ""correct"": {""target"": [], ""time"": []}, ""answer_stats"": {""total"": [], ""correct"": []}}, ""quiz_selection"": {""gt"": [], ""answer"": [], ""tp"": [], ""fp"": [], ""tn"": [], ""fn"": [], ""num_tp"": 0, ""num_fp"": 0, ""num_tn"": 0, ""num_fn"": 0}, ""mouseover"": {""state"": {""target"": [], ""time"": []}, ""edge"": {""target"": [], ""time"": []}}, ""mouseout"": {""state"": {""target"": [], ""time"": []}, ""edge"": {""target"": [], ""time"": []}}}, ""trialTime"": 26750, ""trial_type"": ""mouselab-mdp"", ""trial_index"": 19, ""time_elapsed"": 619996, ""internal_node_id"": ""0.0-4.0-1.0-7.0""}, {""stateRewards"": ["""", -5, -10, 5, 10, 5, -10, -5, 10, 10, -5, 10, 5], ""trial_id"": 52, ""block"": ""testing"", ""trialIndex"": 9, ""score"": -4, ""expectedScore"": 0, ""expectedRewards"": 0, ""simulationMode"": [], ""rewards"": [], ""path"": [""0""], ""rt"": [], ""delays"": [], ""actions"": [], ""actionTimes"": [], ""queries"": {""preselect"": {""state"": {""target"": [], ""time"": []}, ""clickable"": {""target"": [], ""time"": []}}, ""click"": {""state"": {""target"": [""1"", ""6"", ""9"", ""10""], ""time"": [2427, 4267, 6267, 10763]}, ""edge"": {""target"": [], ""time"": []}, ""clickable"": {""target"": [true, true, true, false], ""time"": [2428, 4268, 6268, 10764]}}, ""flowchart"": {""index"": {""target"": [], ""time"": []}, ""answer"": {""target"": [], ""time"": []}, ""correct"": {""target"": [], ""time"": []}, ""answer_stats"": {""total"": [], ""correct"": []}}, ""quiz_selection"": {""gt"": [], ""answer"": [], ""tp"": [], ""fp"": [], ""tn"": [], ""fn"": [], ""num_tp"": 0, ""num_fp"": 0, ""num_tn"": 0, ""num_fn"": 0}, ""mouseover"": {""state"": {""target"": [], ""time"": []}, ""edge"": {""target"": [], ""time"": []}}, ""mouseout"": {""state"": {""target"": [], ""time"": []}, ""edge"": {""target"": [], ""time"": []}}}, ""trialTime"": 14600, ""trial_type"": ""mouselab-mdp"", ""trial_index"": 20, ""time_elapsed"": 635905, ""internal_node_id"": ""0.0-4.0-1.0-8.0""}, {""stateRewards"": ["""", 10, -5, -5, 10, 5, -5, -10, 10, 5, 10, -5, 10], ""trial_id"": 10, ""block"": ""testing"", ""trialIndex"": 10, ""score"": -2, ""expectedScore"": 0, ""expectedRewards"": 0, ""simulationMode"": [], ""rewards"": [], ""path"": [""0""], ""rt"": [], ""delays"": [], ""actions"": [], ""actionTimes"": [], ""queries"": {""preselect"": {""state"": {""target"": [], ""time"": []}, ""clickable"": {""target"": [], ""time"": []}}, ""click"": {""state"": {""target"": [""1"", ""2""], ""time"": [2942, 4742]}, ""edge"": {""target"": [], ""time"": []}, ""clickable"": {""target"": [true, false], ""time"": [2943, 4744]}}, ""flowchart"": {""index"": {""target"": [], ""time"": []}, ""answer"": {""target"": [], ""time"": []}, ""correct"": {""target"": [], ""time"": []}, ""answer_stats"": {""total"": [], ""correct"": []}}, ""quiz_selection"": {""gt"": [], ""answer"": [], ""tp"": [], ""fp"": [], ""tn"": [], ""fn"": [], ""num_tp"": 0, ""num_fp"": 0, ""num_tn"": 0, ""num_fn"": 0}, ""mouseover"": {""state"": {""target"": [], ""time"": []}, ""edge"": {""target"": [], ""time"": []}}, ""mouseout"": {""state"": {""target"": [], ""time"": []}, ""edge"": {""target"": [], ""time"": []}}}, ""trialTime"": 12831, ""trial_type"": ""mouselab-mdp"", ""trial_index"": 21, ""time_elapsed"": 650109, ""internal_node_id"": ""0.0-4.0-1.0-9.0""}]"
19,0,flowchart,4,12.7,1,2,46,female,0,"[{""stateRewards"": ["""", -10, 5, 10, 5, -10, 5, -5, 5, 10, 5, 5, -5], ""trial_id"": 41, ""block"": ""testing"", ""trialIndex"": 1, ""score"": -1, ""expectedScore"": 0, ""expectedRewards"": 0, ""simulationMode"": [], ""rewards"": [], ""path"": [""0""], ""rt"": [], ""delays"": [], ""actions"": [], ""actionTimes"": [], ""queries"": {""preselect"": {""state"": {""target"": [], ""time"": []}, ""clickable"": {""target"": [], ""time"": []}}, ""click"": {""state"": {""target"": [""9""], ""time"": [13454]}, ""edge"": {""target"": [], ""time"": []}, ""clickable"": {""target"": [true], ""time"": [13454]}}, ""flowchart"": {""index"": {""target"": [], ""time"": []}, ""answer"": {""target"": [], ""time"": []}, ""correct"": {""target"": [], ""time"": []}, ""answer_stats"": {""total"": [], ""correct"": []}}, ""quiz_selection"": {""gt"": [], ""answer"": [], ""tp"": [], ""fp"": [], ""tn"": [], ""fn"": [], ""num_tp"": 0, ""num_fp"": 0, ""num_tn"": 0, ""num_fn"": 0}, ""mouseover"": {""state"": {""target"": [], ""time"": []}, ""edge"": {""target"": [], ""time"": []}}, ""mouseout"": {""state"": {""target"": [], ""time"": []}, ""edge"": {""target"": [], ""time"": []}}}, ""trialTime"": 55950, ""trial_type"": ""mouselab-mdp"", ""trial_index"": 10, ""time_elapsed"": 408975, ""internal_node_id"": ""0.0-4.0-1.0-0.0""}, {""stateRewards"": ["""", 10, 10, -5, -5, 10, -5, 5, 10, -10, -5, 10, -5], ""trial_id"": 33, ""block"": ""testing"", ""trialIndex"": 2, ""score"": -2, ""expectedScore"": 0, ""expectedRewards"": 0, ""simulationMode"": [], ""rewards"": [], ""path"": [""0""], ""rt"": [], ""delays"": [], ""actions"": [], ""actionTimes"": [], ""queries"": {""preselect"": {""state"": {""target"": [], ""time"": []}, ""clickable"": {""target"": [], ""time"": []}}, ""click"": {""state"": {""target"": [""9"", ""5""], ""time"": [6333, 11032]}, ""edge"": {""target"": [], ""time"": []}, ""clickable"": {""target"": [true, true], ""time"": [6334, 11033]}}, ""flowchart"": {""index"": {""target"": [], ""time"": []}, ""answer"": {""target"": [], ""time"": []}, ""correct"": {""target"": [], ""time"": []}, ""answer_stats"": {""total"": [], ""correct"": []}}, ""quiz_selection"": {""gt"": [], ""answer"": [], ""tp"": [], ""fp"": [], ""tn"": [], ""fn"": [], ""num_tp"": 0, ""num_fp"": 0, ""num_tn"": 0, ""num_fn"": 0}, ""mouseover"": {""state"": {""target"": [], ""time"": []}, ""edge"": {""target"": [], ""time"": []}}, ""mouseout"": {""state"": {""target"": [], ""time"": []}, ""edge"": {""target"": [], ""time"": []}}}, ""trialTime"": 38006, ""trial_type"": ""mouselab-mdp"", ""trial_index"": 11, ""time_elapsed"": 448282, ""internal_node_id"": ""0.0-4.0-1.0-1.0""}, {""stateRewards"": ["""", -5, 10, 10, 5, 5, -5, 5, -10, 5, -5, -5, -5], ""trial_id"": 30, ""block"": ""testing"", ""trialIndex"": 3, ""score"": -5, ""expectedScore"": 0, ""expectedRewards"": 0, ""simulationMode"": [], ""rewards"": [], ""path"": [""0""], ""rt"": [], ""delays"": [], ""actions"": [], ""actionTimes"": [], ""queries"": {""preselect"": {""state"": {""target"": [], ""time"": []}, ""clickable"": {""target"": [], ""time"": []}}, ""click"": {""state"": {""target"": [""1"", ""5"", ""6"", ""9"", ""10""], ""time"": [6757, 8646, 11332, 16496, 18776]}, ""edge"": {""target"": [], ""time"": []}, ""clickable"": {""target"": [true, true, true, true, true], ""time"": [6758, 8646, 11333, 16497, 18777]}}, ""flowchart"": {""index"": {""target"": [], ""time"": []}, ""answer"": {""target"": [], ""time"": []}, ""correct"": {""target"": [], ""time"": []}, ""answer_stats"": {""total"": [], ""correct"": []}}, ""quiz_selection"": {""gt"": [], ""answer"": [], ""tp"": [], ""fp"": [], ""tn"": [], ""fn"": [], ""num_tp"": 0, ""num_fp"": 0, ""num_tn"": 0, ""num_fn"": 0}, ""mouseover"": {""state"": {""target"": [], ""time"": []}, ""edge"": {""target"": [], ""time"": []}}, ""mouseout"": {""state"": {""target"": [], ""time"": []}, ""edge"": {""target"": [], ""time"": []}}}, ""trialTime"": 32614, ""trial_type"": ""mouselab-mdp"", ""trial_index"": 12, ""time_elapsed"": 482219, ""internal_node_id"": ""0.0-4.0-1.0-2.0""}, {""stateRewards"": ["""", 10, 10, 10, 10, -5, -5, 10, 10, -5, 10, -10, -10], ""trial_id"": 47, ""block"": ""testing"", ""trialIndex"": 4, ""score"": -3, ""expectedScore"": 0, ""expectedRewards"": 0, ""simulationMode"": [], ""rewards"": [], ""path"": [""0""], ""rt"": [], ""delays"": [], ""actions"": [], ""actionTimes"": [], ""queries"": {""preselect"": {""state"": {""target"": [], ""time"": []}, ""clickable"": {""target"": [], ""time"": []}}, ""click"": {""state"": {""target"": [""9"", ""5"", ""1""], ""time"": [4011, 5540, 6887]}, ""edge"": {""target"": [], ""time"": []}, ""clickable"": {""target"": [true, true, true], ""time"": [4013, 5541, 6888]}}, ""flowchart"": {""index"": {""target"": [], ""time"": []}, ""answer"": {""target"": [], ""time"": []}, ""correct"": {""target"": [], ""time"": []}, ""answer_stats"": {""total"": [], ""correct"": []}}, ""quiz_selection"": {""gt"": [], ""answer"": [], ""tp"": [], ""fp"": [], ""tn"": [], ""fn"": [], ""num_tp"": 0, ""num_fp"": 0, ""num_tn"": 0, ""num_fn"": 0}, ""mouseover"": {""state"": {""target"": [], ""time"": []}, ""edge"": {""target"": [], ""time"": []}}, ""mouseout"": {""state"": {""target"": [], ""time"": []}, ""edge"": {""target"": [], ""time"": []}}}, ""trialTime"": 29378, ""trial_type"": ""mouselab-mdp"", ""trial_index"": 13, ""time_elapsed"": 512898, ""internal_node_id"": ""0.0-4.0-1.0-3.0""}, {""stateRewards"": ["""", 10, 10, 10, 10, 5, 5, 10, 5, -5, 5, 5, 5], ""trial_id"": 18, ""block"": ""testing"", ""trialIndex"": 5, ""score"": -3, ""expectedScore"": 0, ""expectedRewards"": 0, ""simulationMode"": [], ""rewards"": [], ""path"": [""0""], ""rt"": [], ""delays"": [], ""actions"": [], ""actionTimes"": [], ""queries"": {""preselect"": {""state"": {""target"": [], ""time"": []}, ""clickable"": {""target"": [], ""time"": []}}, ""click"": {""state"": {""target"": [""9"", ""5"", ""6""], ""time"": [5053, 6653, 8066]}, ""edge"": {""target"": [], ""time"": []}, ""clickable"": {""target"": [true, true, true], ""time"": [5054, 6654, 8067]}}, ""flowchart"": {""index"": {""target"": [], ""time"": []}, ""answer"": {""target"": [], ""time"": []}, ""correct"": {""target"": [], ""time"": []}, ""answer_stats"": {""total"": [], ""correct"": []}}, ""quiz_selection"": {""gt"": [], ""answer"": [], ""tp"": [], ""fp"": [], ""tn"": [], ""fn"": [], ""num_tp"": 0, ""num_fp"": 0, ""num_tn"": 0, ""num_fn"": 0}, ""mouseover"": {""state"": {""target"": [], ""time"": []}, ""edge"": {""target"": [], ""time"": []}}, ""mouseout"": {""state"": {""target"": [], ""time"": []}, ""edge"": {""target"": [], ""time"": []}}}, ""trialTime"": 18247, ""trial_type"": ""mouselab-mdp"", ""trial_index"": 14, ""time_elapsed"": 532480, ""internal_node_id"": ""0.0-4.0-1.0-4.0""}, {""stateRewards"": ["""", -10, 10, 10, -5, 10, -10, 5, 10, -5, 5, 5, -10], ""trial_id"": 49, ""block"": ""testing"", ""trialIndex"": 6, ""score"": -2, ""expectedScore"": 0, ""expectedRewards"": 0, ""simulationMode"": [], ""rewards"": [], ""path"": [""0""], ""rt"": [], ""delays"": [], ""actions"": [], ""actionTimes"": [], ""queries"": {""preselect"": {""state"": {""target"": [], ""time"": []}, ""clickable"": {""target"": [], ""time"": []}}, ""click"": {""state"": {""target"": [""9"", ""5""], ""time"": [4490, 5577]}, ""edge"": {""target"": [], ""time"": []}, ""clickable"": {""target"": [true, true], ""time"": [4490, 5578]}}, ""flowchart"": {""index"": {""target"": [], ""time"": []}, ""answer"": {""target"": [], ""time"": []}, ""correct"": {""target"": [], ""time"": []}, ""answer_stats"": {""total"": [], ""correct"": []}}, ""quiz_selection"": {""gt"": [], ""answer"": [], ""tp"": [], ""fp"": [], ""tn"": [], ""fn"": [], ""num_tp"": 0, ""num_fp"": 0, ""num_tn"": 0, ""num_fn"": 0}, ""mouseover"": {""state"": {""target"": [], ""time"": []}, ""edge"": {""target"": [], ""time"": []}}, ""mouseout"": {""state"": {""target"": [], ""time"": []}, ""edge"": {""target"": [], ""time"": []}}}, ""trialTime"": 36441, ""trial_type"": ""mouselab-mdp"", ""trial_index"": 15, ""time_elapsed"": 570235, ""internal_node_id"": ""0.0-4.0-1.0-5.0""}, {""stateRewards"": ["""", 5, 5, 5, 10, -5, -5, 10, 10, -10, 10, 5, -10], ""trial_id"": 9, ""block"": ""testing"", ""trialIndex"": 7, ""score"": -4, ""expectedScore"": 0, ""expectedRewards"": 0, ""simulationMode"": [], ""rewards"": [], ""path"": [""0""], ""rt"": [], ""delays"": [], ""actions"": [], ""actionTimes"": [], ""queries"": {""preselect"": {""state"": {""target"": [], ""time"": []}, ""clickable"": {""target"": [], ""time"": []}}, ""click"": {""state"": {""target"": [""9"", ""5"", ""1"", ""2""], ""time"": [4397, 5744, 7149, 9369]}, ""edge"": {""target"": [], ""time"": []}, ""clickable"": {""target"": [true, true, true, true], ""time"": [4398, 5745, 7150, 9370]}}, ""flowchart"": {""index"": {""target"": [], ""time"": []}, ""answer"": {""target"": [], ""time"": []}, ""correct"": {""target"": [], ""time"": []}, ""answer_stats"": {""total"": [], ""correct"": []}}, ""quiz_selection"": {""gt"": [], ""answer"": [], ""tp"": [], ""fp"": [], ""tn"": [], ""fn"": [], ""num_tp"": 0, ""num_fp"": 0, ""num_tn"": 0, ""num_fn"": 0}, ""mouseover"": {""state"": {""target"": [], ""time"": []}, ""edge"": {""target"": [], ""time"": []}}, ""mouseout"": {""state"": {""target"": [], ""time"": []}, ""edge"": {""target"": [], ""time"": []}}}, ""trialTime"": 22087, ""trial_type"": ""mouselab-mdp"", ""trial_index"": 16, ""time_elapsed"": 593691, ""internal_node_id"": ""0.0-4.0-1.0-6.0""}, {""stateRewards"": ["""", 5, -5, -10, 5, 10, -5, -5, -10, -5, -10, -5, 10], ""trial_id"": 37, ""block"": ""testing"", ""trialIndex"": 8, ""score"": -4, ""expectedScore"": 0, ""expectedRewards"": 0, ""simulationMode"": [], ""rewards"": [], ""path"": [""0""], ""rt"": [], ""delays"": [], ""actions"": [], ""actionTimes"": [], ""queries"": {""preselect"": {""state"": {""target"": [], ""time"": []}, ""clickable"": {""target"": [], ""time"": []}}, ""click"": {""state"": {""target"": [""9"", ""5"", ""7"", ""8""], ""time"": [5574, 7168, 59658, 60676]}, ""edge"": {""target"": [], ""time"": []}, ""clickable"": {""target"": [true, true, true, true], ""time"": [5575, 7169, 59659, 60676]}}, ""flowchart"": {""index"": {""target"": [], ""time"": []}, ""answer"": {""target"": [], ""time"": []}, ""correct"": {""target"": [], ""time"": []}, ""answer_stats"": {""total"": [], ""correct"": []}}, ""quiz_selection"": {""gt"": [], ""answer"": [], ""tp"": [], ""fp"": [], ""tn"": [], ""fn"": [], ""num_tp"": 0, ""num_fp"": 0, ""num_tn"": 0, ""num_fn"": 0}, ""mouseover"": {""state"": {""target"": [], ""time"": []}, ""edge"": {""target"": [], ""time"": []}}, ""mouseout"": {""state"": {""target"": [], ""time"": []}, ""edge"": {""target"": [], ""time"": []}}}, ""trialTime"": 65490, ""trial_type"": ""mouselab-mdp"", ""trial_index"": 17, ""time_elapsed"": 660506, ""internal_node_id"": ""0.0-4.0-1.0-7.0""}, {""stateRewards"": ["""", -10, -10, -10, -5, 10, 5, -10, 10, 10, -5, -5, 5], ""trial_id"": 20, ""block"": ""testing"", ""trialIndex"": 9, ""score"": -3, ""expectedScore"": 0, ""expectedRewards"": 0, ""simulationMode"": [], ""rewards"": [], ""path"": [""0""], ""rt"": [], ""delays"": [], ""actions"": [], ""actionTimes"": [], ""queries"": {""preselect"": {""state"": {""target"": [], ""time"": []}, ""clickable"": {""target"": [], ""time"": []}}, ""click"": {""state"": {""target"": [""9"", ""11"", ""12""], ""time"": [4158, 20314, 21434]}, ""edge"": {""target"": [], ""time"": []}, ""clickable"": {""target"": [true, true, true], ""time"": [4159, 20315, 21435]}}, ""flowchart"": {""index"": {""target"": [], ""time"": []}, ""answer"": {""target"": [], ""time"": []}, ""correct"": {""target"": [], ""time"": []}, ""answer_stats"": {""total"": [], ""correct"": []}}, ""quiz_selection"": {""gt"": [], ""answer"": [], ""tp"": [], ""fp"": [], ""tn"": [], ""fn"": [], ""num_tp"": 0, ""num_fp"": 0, ""num_tn"": 0, ""num_fn"": 0}, ""mouseover"": {""state"": {""target"": [], ""time"": []}, ""edge"": {""target"": [], ""time"": []}}, ""mouseout"": {""state"": {""target"": [], ""time"": []}, ""edge"": {""target"": [], ""time"": []}}}, ""trialTime"": 26425, ""trial_type"": ""mouselab-mdp"", ""trial_index"": 18, ""time_elapsed"": 688961, ""internal_node_id"": ""0.0-4.0-1.0-8.0""}, {""stateRewards"": ["""", 5, -10, -5, 10, 5, -10, -5, -10, 5, -5, -5, 5], ""trial_id"": 51, ""block"": ""testing"", ""trialIndex"": 10, ""score"": -5, ""expectedScore"": 0, ""expectedRewards"": 0, ""simulationMode"": [], ""rewards"": [], ""path"": [""0""], ""rt"": [], ""delays"": [], ""actions"": [], ""actionTimes"": [], ""queries"": {""preselect"": {""state"": {""target"": [], ""time"": []}, ""clickable"": {""target"": [], ""time"": []}}, ""click"": {""state"": {""target"": [""9"", ""10"", ""6"", ""1"", ""2""], ""time"": [2459, 6226, 8802, 11051, 12844]}, ""edge"": {""target"": [], ""time"": []}, ""clickable"": {""target"": [true, true, true, true, true], ""time"": [2460, 6227, 8803, 11052, 12845]}}, ""flowchart"": {""index"": {""target"": [], ""time"": []}, ""answer"": {""target"": [], ""time"": []}, ""correct"": {""target"": [], ""time"": []}, ""answer_stats"": {""total"": [], ""correct"": []}}, ""quiz_selection"": {""gt"": [], ""answer"": [], ""tp"": [], ""fp"": [], ""tn"": [], ""fn"": [], ""num_tp"": 0, ""num_fp"": 0, ""num_tn"": 0, ""num_fn"": 0}, ""mouseover"": {""state"": {""target"": [], ""time"": []}, ""edge"": {""target"": [], ""time"": []}}, ""mouseout"": {""state"": {""target"": [], ""time"": []}, ""edge"": {""target"": [], ""time"": []}}}, ""trialTime"": 19970, ""trial_type"": ""mouselab-mdp"", ""trial_index"": 19, ""time_elapsed"": 710246, ""internal_node_id"": ""0.0-4.0-1.0-9.0""}]"
20,0,flowchart,4,15.0,1,2,41,Male,0,"[{""stateRewards"": ["""", 10, -10, 10, 5, 5, -10, -10, 10, -10, -5, 5, 10], ""trial_id"": 38, ""block"": ""testing"", ""trialIndex"": 1, ""score"": -6, ""expectedScore"": 0, ""expectedRewards"": 0, ""simulationMode"": [], ""rewards"": [], ""path"": [""0""], ""rt"": [], ""delays"": [], ""actions"": [], ""actionTimes"": [], ""queries"": {""preselect"": {""state"": {""target"": [], ""time"": []}, ""clickable"": {""target"": [], ""time"": []}}, ""click"": {""state"": {""target"": [""10"", ""6"", ""2"", ""9"", ""8"", ""5""], ""time"": [6582, 8974, 15695, 19776, 30217, 40213]}, ""edge"": {""target"": [], ""time"": []}, ""clickable"": {""target"": [true, true, true, true, false, false], ""time"": [6584, 8976, 15697, 19777, 30219, 40215]}}, ""flowchart"": {""index"": {""target"": [], ""time"": []}, ""answer"": {""target"": [], ""time"": []}, ""correct"": {""target"": [], ""time"": []}, ""answer_stats"": {""total"": [], ""correct"": []}}, ""quiz_selection"": {""gt"": [], ""answer"": [], ""tp"": [], ""fp"": [], ""tn"": [], ""fn"": [], ""num_tp"": 0, ""num_fp"": 0, ""num_tn"": 0, ""num_fn"": 0}, ""mouseover"": {""state"": {""target"": [], ""time"": []}, ""edge"": {""target"": [], ""time"": []}}, ""mouseout"": {""state"": {""target"": [], ""time"": []}, ""edge"": {""target"": [], ""time"": []}}}, ""trialTime"": 51018, ""trial_type"": ""mouselab-mdp"", ""trial_index"": 10, ""time_elapsed"": 531716, ""internal_node_id"": ""0.0-4.0-1.0-0.0""}, {""stateRewards"": ["""", -10, -10, 5, -10, -10, 5, -10, -10, -5, 10, 10, 5], ""trial_id"": 26, ""block"": ""testing"", ""trialIndex"": 2, ""score"": -6, ""expectedScore"": 0, ""expectedRewards"": 0, ""simulationMode"": [], ""rewards"": [], ""path"": [""0""], ""rt"": [], ""delays"": [], ""actions"": [], ""actionTimes"": [], ""queries"": {""preselect"": {""state"": {""target"": [], ""time"": []}, ""clickable"": {""target"": [], ""time"": []}}, ""click"": {""state"": {""target"": [""6"", ""5"", ""10"", ""9"", ""12"", ""11""], ""time"": [5079, 9247, 11968, 15486, 17471, 20523]}, ""edge"": {""target"": [], ""time"": []}, ""clickable"": {""target"": [true, true, true, false, true, true], ""time"": [5080, 9248, 11970, 15488, 17473, 20525]}}, ""flowchart"": {""index"": {""target"": [], ""time"": []}, ""answer"": {""target"": [], ""time"": []}, ""correct"": {""target"": [], ""time"": []}, ""answer_stats"": {""total"": [], ""correct"": []}}, ""quiz_selection"": {""gt"": [], ""answer"": [], ""tp"": [], ""fp"": [], ""tn"": [], ""fn"": [], ""num_tp"": 0, ""num_fp"": 0, ""num_tn"": 0, ""num_fn"": 0}, ""mouseover"": {""state"": {""target"": [], ""time"": []}, ""edge"": {""target"": [], ""time"": []}}, ""mouseout"": {""state"": {""target"": [], ""time"": []}, ""edge"": {""target"": [], ""time"": []}}}, ""trialTime"": 29235, ""trial_type"": ""mouselab-mdp"", ""trial_index"": 11, ""time_elapsed"": 562259, ""internal_node_id"": ""0.0-4.0-1.0-1.0""}, {""stateRewards"": ["""", -5, -10, 5, 10, 5, -10, -10, 10, -10, 5, -5, -5], ""trial_id"": 3, ""block"": ""testing"", ""trialIndex"": 3, ""score"": -6, ""expectedScore"": 0, ""expectedRewards"": 0, ""simulationMode"": [], ""rewards"": [], ""path"": [""0""], ""rt"": [], ""delays"": [], ""actions"": [], ""actionTimes"": [], ""queries"": {""preselect"": {""state"": {""target"": [], ""time"": []}, ""clickable"": {""target"": [], ""time"": []}}, ""click"": {""state"": {""target"": [""7"", ""4"", ""2"", ""1"", ""6"", ""9""], ""time"": [5272, 8143, 13903, 16251, 22681, 25539]}, ""edge"": {""target"": [], ""time"": []}, ""clickable"": {""target"": [false, false, false, false, false, false], ""time"": [5274, 8145, 13905, 16253, 22682, 25541]}}, ""flowchart"": {""index"": {""target"": [], ""time"": []}, ""answer"": {""target"": [], ""time"": []}, ""correct"": {""target"": [], ""time"": []}, ""answer_stats"": {""total"": [], ""correct"": []}}, ""quiz_selection"": {""gt"": [], ""answer"": [], ""tp"": [], ""fp"": [], ""tn"": [], ""fn"": [], ""num_tp"": 0, ""num_fp"": 0, ""num_tn"": 0, ""num_fn"": 0}, ""mouseover"": {""state"": {""target"": [], ""time"": []}, ""edge"": {""target"": [], ""time"": []}}, ""mouseout"": {""state"": {""target"": [], ""time"": []}, ""edge"": {""target"": [], ""time"": []}}}, ""trialTime"": 32648, ""trial_type"": ""mouselab-mdp"", ""trial_index"": 12, ""time_elapsed"": 596146, ""internal_node_id"": ""0.0-4.0-1.0-2.0""}, {""stateRewards"": ["""", -5, -10, 5, -5, 5, -10, 5, 10, -5, 10, -5, -5], ""trial_id"": 36, ""block"": ""testing"", ""trialIndex"": 4, ""score"": -9, ""expectedScore"": 0, ""expectedRewards"": 0, ""simulationMode"": [], ""rewards"": [], ""path"": [""0""], ""rt"": [], ""delays"": [], ""actions"": [], ""actionTimes"": [], ""queries"": {""preselect"": {""state"": {""target"": [], ""time"": []}, ""clickable"": {""target"": [], ""time"": []}}, ""click"": {""state"": {""target"": [""6"", ""9"", ""4"", ""3"", ""2"", ""1"", ""12"", ""11"", ""10""], ""time"": [6133, 8575, 12502, 14377, 15715, 18263, 25646, 27461, 31621]}, ""edge"": {""target"": [], ""time"": []}, ""clickable"": {""target"": [true, true, false, false, true, true, false, false, true], ""time"": [6135, 8576, 12504, 14379, 15717, 18264, 25648, 27462, 31623]}}, ""flowchart"": {""index"": {""target"": [], ""time"": []}, ""answer"": {""target"": [], ""time"": []}, ""correct"": {""target"": [], ""time"": []}, ""answer_stats"": {""total"": [], ""correct"": []}}, ""quiz_selection"": {""gt"": [], ""answer"": [], ""tp"": [], ""fp"": [], ""tn"": [], ""fn"": [], ""num_tp"": 0, ""num_fp"": 0, ""num_tn"": 0, ""num_fn"": 0}, ""mouseover"": {""state"": {""target"": [], ""time"": []}, ""edge"": {""target"": [], ""time"": []}}, ""mouseout"": {""state"": {""target"": [], ""time"": []}, ""edge"": {""target"": [], ""time"": []}}}, ""trialTime"": 38672, ""trial_type"": ""mouselab-mdp"", ""trial_index"": 13, ""time_elapsed"": 636041, ""internal_node_id"": ""0.0-4.0-1.0-3.0""}, {""stateRewards"": ["""", 10, -10, -10, -5, -10, 10, -10, -5, 10, 10, 5, -5], ""trial_id"": 7, ""block"": ""testing"", ""trialIndex"": 5, ""score"": -10, ""expectedScore"": 0, ""expectedRewards"": 0, ""simulationMode"": [], ""rewards"": [], ""path"": [""0""], ""rt"": [], ""delays"": [], ""actions"": [], ""actionTimes"": [], ""queries"": {""preselect"": {""state"": {""target"": [], ""time"": []}, ""clickable"": {""target"": [], ""time"": []}}, ""click"": {""state"": {""target"": [""12"", ""3"", ""6"", ""8"", ""7"", ""5"", ""4"", ""10"", ""9"", ""11""], ""time"": [7122, 9291, 13733, 17775, 19072, 21237, 24574, 26442, 28538, 29959]}, ""edge"": {""target"": [], ""time"": []}, ""clickable"": {""target"": [false, false, true, true, true, false, false, false, false, false], ""time"": [7124, 9292, 13735, 17777, 19074, 21238, 24576, 26444, 28540, 29961]}}, ""flowchart"": {""index"": {""target"": [], ""time"": []}, ""answer"": {""target"": [], ""time"": []}, ""correct"": {""target"": [], ""time"": []}, ""answer_stats"": {""total"": [], ""correct"": []}}, ""quiz_selection"": {""gt"": [], ""answer"": [], ""tp"": [], ""fp"": [], ""tn"": [], ""fn"": [], ""num_tp"": 0, ""num_fp"": 0, ""num_tn"": 0, ""num_fn"": 0}, ""mouseover"": {""state"": {""target"": [], ""time"": []}, ""edge"": {""target"": [], ""time"": []}}, ""mouseout"": {""state"": {""target"": [], ""time"": []}, ""edge"": {""target"": [], ""time"": []}}}, ""trialTime"": 35147, ""trial_type"": ""mouselab-mdp"", ""trial_index"": 14, ""time_elapsed"": 672416, ""internal_node_id"": ""0.0-4.0-1.0-4.0""}, {""stateRewards"": ["""", 10, -5, -5, 10, 5, -5, -10, 10, 5, 10, -5, 10], ""trial_id"": 10, ""block"": ""testing"", ""trialIndex"": 6, ""score"": -4, ""expectedScore"": 0, ""expectedRewards"": 0, ""simulationMode"": [], ""rewards"": [], ""path"": [""0""], ""rt"": [], ""delays"": [], ""actions"": [], ""actionTimes"": [], ""queries"": {""preselect"": {""state"": {""target"": [], ""time"": []}, ""clickable"": {""target"": [], ""time"": []}}, ""click"": {""state"": {""target"": [""12"", ""10"", ""9"", ""11""], ""time"": [1713, 3373, 4897, 6324]}, ""edge"": {""target"": [], ""time"": []}, ""clickable"": {""target"": [false, false, false, false], ""time"": [1715, 3375, 4898, 6326]}}, ""flowchart"": {""index"": {""target"": [], ""time"": []}, ""answer"": {""target"": [], ""time"": []}, ""correct"": {""target"": [], ""time"": []}, ""answer_stats"": {""total"": [], ""correct"": []}}, ""quiz_selection"": {""gt"": [], ""answer"": [], ""tp"": [], ""fp"": [], ""tn"": [], ""fn"": [], ""num_tp"": 0, ""num_fp"": 0, ""num_tn"": 0, ""num_fn"": 0}, ""mouseover"": {""state"": {""target"": [], ""time"": []}, ""edge"": {""target"": [], ""time"": []}}, ""mouseout"": {""state"": {""target"": [], ""time"": []}, ""edge"": {""target"": [], ""time"": []}}}, ""trialTime"": 13096, ""trial_type"": ""mouselab-mdp"", ""trial_index"": 15, ""time_elapsed"": 686744, ""internal_node_id"": ""0.0-4.0-1.0-5.0""}, {""stateRewards"": ["""", 10, -5, -10, 10, -10, 10, 5, -5, -5, -5, 10, -5], ""trial_id"": 31, ""block"": ""testing"", ""trialIndex"": 7, ""score"": -6, ""expectedScore"": 0, ""expectedRewards"": 0, ""simulationMode"": [], ""rewards"": [], ""path"": [""0""], ""rt"": [], ""delays"": [], ""actions"": [], ""actionTimes"": [], ""queries"": {""preselect"": {""state"": {""target"": [], ""time"": []}, ""clickable"": {""target"": [], ""time"": []}}, ""click"": {""state"": {""target"": [""12"", ""8"", ""9"", ""6"", ""5"", ""7""], ""time"": [1411, 2815, 4098, 5855, 9223, 11991]}, ""edge"": {""target"": [], ""time"": []}, ""clickable"": {""target"": [false, false, true, true, false, true], ""time"": [1413, 2817, 4100, 5857, 9225, 11993]}}, ""flowchart"": {""index"": {""target"": [], ""time"": []}, ""answer"": {""target"": [], ""time"": []}, ""correct"": {""target"": [], ""time"": []}, ""answer_stats"": {""total"": [], ""correct"": []}}, ""quiz_selection"": {""gt"": [], ""answer"": [], ""tp"": [], ""fp"": [], ""tn"": [], ""fn"": [], ""num_tp"": 0, ""num_fp"": 0, ""num_tn"": 0, ""num_fn"": 0}, ""mouseover"": {""state"": {""target"": [], ""time"": []}, ""edge"": {""target"": [], ""time"": []}}, ""mouseout"": {""state"": {""target"": [], ""time"": []}, ""edge"": {""target"": [], ""time"": []}}}, ""trialTime"": 20171, ""trial_type"": ""mouselab-mdp"", ""trial_index"": 16, ""time_elapsed"": 708159, ""internal_node_id"": ""0.0-4.0-1.0-6.0""}, {""stateRewards"": ["""", 5, 10, 5, 10, -10, 10, -10, -10, -5, -10, -10, 10], ""trial_id"": 13, ""block"": ""testing"", ""trialIndex"": 8, ""score"": -4, ""expectedScore"": 0, ""expectedRewards"": 0, ""simulationMode"": [], ""rewards"": [], ""path"": [""0""], ""rt"": [], ""delays"": [], ""actions"": [], ""actionTimes"": [], ""queries"": {""preselect"": {""state"": {""target"": [], ""time"": []}, ""clickable"": {""target"": [], ""time"": []}}, ""click"": {""state"": {""target"": [""4"", ""1"", ""2"", ""3""], ""time"": [960, 5305, 6402, 8064]}, ""edge"": {""target"": [], ""time"": []}, ""clickable"": {""target"": [false, false, false, false], ""time"": [962, 5307, 6404, 8066]}}, ""flowchart"": {""index"": {""target"": [], ""time"": []}, ""answer"": {""target"": [], ""time"": []}, ""correct"": {""target"": [], ""time"": []}, ""answer_stats"": {""total"": [], ""correct"": []}}, ""quiz_selection"": {""gt"": [], ""answer"": [], ""tp"": [], ""fp"": [], ""tn"": [], ""fn"": [], ""num_tp"": 0, ""num_fp"": 0, ""num_tn"": 0, ""num_fn"": 0}, ""mouseover"": {""state"": {""target"": [], ""time"": []}, ""edge"": {""target"": [], ""time"": []}}, ""mouseout"": {""state"": {""target"": [], ""time"": []}, ""edge"": {""target"": [], ""time"": []}}}, ""trialTime"": 14691, ""trial_type"": ""mouselab-mdp"", ""trial_index"": 17, ""time_elapsed"": 724063, ""internal_node_id"": ""0.0-4.0-1.0-7.0""}, {""stateRewards"": ["""", -5, 10, 10, 5, 5, -5, 5, -10, 5, -5, -5, -5], ""trial_id"": 30, ""block"": ""testing"", ""trialIndex"": 9, ""score"": -8, ""expectedScore"": 0, ""expectedRewards"": 0, ""simulationMode"": [], ""rewards"": [], ""path"": [""0""], ""rt"": [], ""delays"": [], ""actions"": [], ""actionTimes"": [], ""queries"": {""preselect"": {""state"": {""target"": [], ""time"": []}, ""clickable"": {""target"": [], ""time"": []}}, ""click"": {""state"": {""target"": [""9"", ""10"", ""1"", ""7"", ""6"", ""11"", ""12"", ""5""], ""time"": [4340, 7460, 13284, 14821, 16233, 18814, 20488, 21698]}, ""edge"": {""target"": [], ""time"": []}, ""clickable"": {""target"": [true, true, true, false, true, false, false, true], ""time"": [4341, 7462, 13286, 14823, 16235, 18817, 20490, 21700]}}, ""flowchart"": {""index"": {""target"": [], ""time"": []}, ""answer"": {""target"": [], ""time"": []}, ""correct"": {""target"": [], ""time"": []}, ""answer_stats"": {""total"": [], ""correct"": []}}, ""quiz_selection"": {""gt"": [], ""answer"": [], ""tp"": [], ""fp"": [], ""tn"": [], ""fn"": [], ""num_tp"": 0, ""num_fp"": 0, ""num_tn"": 0, ""num_fn"": 0}, ""mouseover"": {""state"": {""target"": [], ""time"": []}, ""edge"": {""target"": [], ""time"": []}}, ""mouseout"": {""state"": {""target"": [], ""time"": []}, ""edge"": {""target"": [], ""time"": []}}}, ""trialTime"": 26723, ""trial_type"": ""mouselab-mdp"", ""trial_index"": 18, ""time_elapsed"": 752023, ""internal_node_id"": ""0.0-4.0-1.0-8.0""}, {""stateRewards"": ["""", -10, 5, -10, 5, 10, 10, -5, -10, -5, 10, -5, 10], ""trial_id"": 42, ""block"": ""testing"", ""trialIndex"": 10, ""score"": -4, ""expectedScore"": 0, ""expectedRewards"": 0, ""simulationMode"": [], ""rewards"": [], ""path"": [""0""], ""rt"": [], ""delays"": [], ""actions"": [], ""actionTimes"": [], ""queries"": {""preselect"": {""state"": {""target"": [], ""time"": []}, ""clickable"": {""target"": [], ""time"": []}}, ""click"": {""state"": {""target"": [""6"", ""5"", ""7"", ""8""], ""time"": [1827, 3863, 6849, 9357]}, ""edge"": {""target"": [], ""time"": []}, ""clickable"": {""target"": [true, false, true, true], ""time"": [1829, 3864, 6851, 9358]}}, ""flowchart"": {""index"": {""target"": [], ""time"": []}, ""answer"": {""target"": [], ""time"": []}, ""correct"": {""target"": [], ""time"": []}, ""answer_stats"": {""total"": [], ""correct"": []}}, ""quiz_selection"": {""gt"": [], ""answer"": [], ""tp"": [], ""fp"": [], ""tn"": [], ""fn"": [], ""num_tp"": 0, ""num_fp"": 0, ""num_tn"": 0, ""num_fn"": 0}, ""mouseover"": {""state"": {""target"": [], ""time"": []}, ""edge"": {""target"": [], ""time"": []}}, ""mouseout"": {""state"": {""target"": [], ""time"": []}, ""edge"": {""target"": [], ""time"": []}}}, ""trialTime"": 14744, ""trial_type"": ""mouselab-mdp"", ""trial_index"": 19, ""time_elapsed"": 767999, ""internal_node_id"": ""0.0-4.0-1.0-9.0""}]"
21,0,flowchart,4,15.1,1,2,28,Male,0,"[{""stateRewards"": ["""", 10, 5, -5, 5, -10, -10, 10, 10, -10, 10, -10, 5], ""trial_id"": 29, ""block"": ""testing"", ""trialIndex"": 1, ""score"": -12, ""expectedScore"": 0, ""expectedRewards"": 0, ""simulationMode"": [], ""rewards"": [], ""path"": [""0""], ""rt"": [], ""delays"": [], ""actions"": [], ""actionTimes"": [], ""queries"": {""preselect"": {""state"": {""target"": [], ""time"": []}, ""clickable"": {""target"": [], ""time"": []}}, ""click"": {""state"": {""target"": [""9"", ""5"", ""1"", ""2"", ""10"", ""6"", ""12"", ""11"", ""8"", ""7"", ""4"", ""3""], ""time"": [2284, 3235, 3779, 5114, 6316, 6890, 7538, 7950, 8447, 8916, 9384, 10330]}, ""edge"": {""target"": [], ""time"": []}, ""clickable"": {""target"": [true, true, true, false, false, false, true, true, false, false, true, true], ""time"": [2287, 3237, 3781, 5114, 6317, 6894, 7540, 7954, 8449, 8919, 9387, 10333]}}, ""flowchart"": {""index"": {""target"": [], ""time"": []}, ""answer"": {""target"": [], ""time"": []}, ""correct"": {""target"": [], ""time"": []}, ""answer_stats"": {""total"": [], ""correct"": []}}, ""quiz_selection"": {""gt"": [], ""answer"": [], ""tp"": [], ""fp"": [], ""tn"": [], ""fn"": [], ""num_tp"": 0, ""num_fp"": 0, ""num_tn"": 0, ""num_fn"": 0}, ""mouseover"": {""state"": {""target"": [], ""time"": []}, ""edge"": {""target"": [], ""time"": []}}, ""mouseout"": {""state"": {""target"": [], ""time"": []}, ""edge"": {""target"": [], ""time"": []}}}, ""trialTime"": 17515, ""trial_type"": ""mouselab-mdp"", ""trial_index"": 10, ""time_elapsed"": 693719, ""internal_node_id"": ""0.0-4.0-1.0-0.0""}, {""stateRewards"": ["""", -5, -5, 5, 10, 10, -10, -10, -10, -10, 10, 10, 10], ""trial_id"": 4, ""block"": ""testing"", ""trialIndex"": 2, ""score"": -12, ""expectedScore"": 0, ""expectedRewards"": 0, ""simulationMode"": [], ""rewards"": [], ""path"": [""0""], ""rt"": [], ""delays"": [], ""actions"": [], ""actionTimes"": [], ""queries"": {""preselect"": {""state"": {""target"": [], ""time"": []}, ""clickable"": {""target"": [], ""time"": []}}, ""click"": {""state"": {""target"": [""9"", ""5"", ""1"", ""2"", ""3"", ""4"", ""7"", ""8"", ""6"", ""11"", ""12"", ""10""], ""time"": [1656, 2516, 3193, 4156, 6452, 7496, 8386, 8698, 9506, 11100, 11498, 11860]}, ""edge"": {""target"": [], ""time"": []}, ""clickable"": {""target"": [true, true, false, false, false, false, true, true, false, false, false, false], ""time"": [1660, 2521, 3197, 4158, 6454, 7499, 8389, 8701, 9508, 11103, 11501, 11863]}}, ""flowchart"": {""index"": {""target"": [], ""time"": []}, ""answer"": {""target"": [], ""time"": []}, ""correct"": {""target"": [], ""time"": []}, ""answer_stats"": {""total"": [], ""correct"": []}}, ""quiz_selection"": {""gt"": [], ""answer"": [], ""tp"": [], ""fp"": [], ""tn"": [], ""fn"": [], ""num_tp"": 0, ""num_fp"": 0, ""num_tn"": 0, ""num_fn"": 0}, ""mouseover"": {""state"": {""target"": [], ""time"": []}, ""edge"": {""target"": [], ""time"": []}}, ""mouseout"": {""state"": {""target"": [], ""time"": []}, ""edge"": {""target"": [], ""time"": []}}}, ""trialTime"": 21290, ""trial_type"": ""mouselab-mdp"", ""trial_index"": 11, ""time_elapsed"": 717325, ""internal_node_id"": ""0.0-4.0-1.0-1.0""}, {""stateRewards"": ["""", -10, 5, -10, 5, 10, 10, -5, -10, -5, 10, -5, 10], ""trial_id"": 42, ""block"": ""testing"", ""trialIndex"": 3, ""score"": -12, ""expectedScore"": 0, ""expectedRewards"": 0, ""simulationMode"": [], ""rewards"": [], ""path"": [""0""], ""rt"": [], ""delays"": [], ""actions"": [], ""actionTimes"": [], ""queries"": {""preselect"": {""state"": {""target"": [], ""time"": []}, ""clickable"": {""target"": [], ""time"": []}}, ""click"": {""state"": {""target"": [""1"", ""2"", ""3"", ""4"", ""7"", ""8"", ""11"", ""12"", ""6"", ""5"", ""9"", ""10""], ""time"": [1257, 1927, 2773, 4165, 6058, 6685, 7136, 8077, 14086, 14719, 15336, 15693]}, ""edge"": {""target"": [], ""time"": []}, ""clickable"": {""target"": [true, false, false, false, false, false, false, false, false, false, false, false], ""time"": [1259, 1932, 2777, 4168, 6061, 6688, 7138, 8077, 14086, 14726, 15338, 15699]}}, ""flowchart"": {""index"": {""target"": [], ""time"": []}, ""answer"": {""target"": [], ""time"": []}, ""correct"": {""target"": [], ""time"": []}, ""answer_stats"": {""total"": [], ""correct"": []}}, ""quiz_selection"": {""gt"": [], ""answer"": [], ""tp"": [], ""fp"": [], ""tn"": [], ""fn"": [], ""num_tp"": 0, ""num_fp"": 0, ""num_tn"": 0, ""num_fn"": 0}, ""mouseover"": {""state"": {""target"": [], ""time"": []}, ""edge"": {""target"": [], ""time"": []}}, ""mouseout"": {""state"": {""target"": [], ""time"": []}, ""edge"": {""target"": [], ""time"": []}}}, ""trialTime"": 22375, ""trial_type"": ""mouselab-mdp"", ""trial_index"": 12, ""time_elapsed"": 741358, ""internal_node_id"": ""0.0-4.0-1.0-2.0""}, {""stateRewards"": ["""", 5, -10, -5, 10, 5, -10, -5, -10, 5, -5, -5, 5], ""trial_id"": 51, ""block"": ""testing"", ""trialIndex"": 4, ""score"": -3, ""expectedScore"": 0, ""expectedRewards"": 0, ""simulationMode"": [], ""rewards"": [], ""path"": [""0""], ""rt"": [], ""delays"": [], ""actions"": [], ""actionTimes"": [], ""queries"": {""preselect"": {""state"": {""target"": [], ""time"": []}, ""clickable"": {""target"": [], ""time"": []}}, ""click"": {""state"": {""target"": [""9"", ""5"", ""6""], ""time"": [1676, 5994, 7724]}, ""edge"": {""target"": [], ""time"": []}, ""clickable"": {""target"": [true, false, true], ""time"": [1679, 5997, 7727]}}, ""flowchart"": {""index"": {""target"": [], ""time"": []}, ""answer"": {""target"": [], ""time"": []}, ""correct"": {""target"": [], ""time"": []}, ""answer_stats"": {""total"": [], ""correct"": []}}, ""quiz_selection"": {""gt"": [], ""answer"": [], ""tp"": [], ""fp"": [], ""tn"": [], ""fn"": [], ""num_tp"": 0, ""num_fp"": 0, ""num_tn"": 0, ""num_fn"": 0}, ""mouseover"": {""state"": {""target"": [], ""time"": []}, ""edge"": {""target"": [], ""time"": []}}, ""mouseout"": {""state"": {""target"": [], ""time"": []}, ""edge"": {""target"": [], ""time"": []}}}, ""trialTime"": 12385, ""trial_type"": ""mouselab-mdp"", ""trial_index"": 13, ""time_elapsed"": 755419, ""internal_node_id"": ""0.0-4.0-1.0-3.0""}, {""stateRewards"": ["""", -5, -5, 5, -10, -5, 5, -5, -5, 5, -10, -5, 10], ""trial_id"": 6, ""block"": ""testing"", ""trialIndex"": 5, ""score"": -2, ""expectedScore"": 0, ""expectedRewards"": 0, ""simulationMode"": [], ""rewards"": [], ""path"": [""0""], ""rt"": [], ""delays"": [], ""actions"": [], ""actionTimes"": [], ""queries"": {""preselect"": {""state"": {""target"": [], ""time"": []}, ""clickable"": {""target"": [], ""time"": []}}, ""click"": {""state"": {""target"": [""1"", ""9""], ""time"": [1476, 4004]}, ""edge"": {""target"": [], ""time"": []}, ""clickable"": {""target"": [true, true], ""time"": [1476, 4008]}}, ""flowchart"": {""index"": {""target"": [], ""time"": []}, ""answer"": {""target"": [], ""time"": []}, ""correct"": {""target"": [], ""time"": []}, ""answer_stats"": {""total"": [], ""correct"": []}}, ""quiz_selection"": {""gt"": [], ""answer"": [], ""tp"": [], ""fp"": [], ""tn"": [], ""fn"": [], ""num_tp"": 0, ""num_fp"": 0, ""num_tn"": 0, ""num_fn"": 0}, ""mouseover"": {""state"": {""target"": [], ""time"": []}, ""edge"": {""target"": [], ""time"": []}}, ""mouseout"": {""state"": {""target"": [], ""time"": []}, ""edge"": {""target"": [], ""time"": []}}}, ""trialTime"": 12683, ""trial_type"": ""mouselab-mdp"", ""trial_index"": 14, ""time_elapsed"": 769794, ""internal_node_id"": ""0.0-4.0-1.0-4.0""}, {""stateRewards"": ["""", 5, -10, -5, -10, 5, -10, -5, -10, 5, -10, -5, -5], ""trial_id"": 58, ""block"": ""testing"", ""trialIndex"": 6, ""score"": -2, ""expectedScore"": 0, ""expectedRewards"": 0, ""simulationMode"": [], ""rewards"": [], ""path"": [""0""], ""rt"": [], ""delays"": [], ""actions"": [], ""actionTimes"": [], ""queries"": {""preselect"": {""state"": {""target"": [], ""time"": []}, ""clickable"": {""target"": [], ""time"": []}}, ""click"": {""state"": {""target"": [""1"", ""9""], ""time"": [1121, 3008]}, ""edge"": {""target"": [], ""time"": []}, ""clickable"": {""target"": [true, false], ""time"": [1123, 3010]}}, ""flowchart"": {""index"": {""target"": [], ""time"": []}, ""answer"": {""target"": [], ""time"": []}, ""correct"": {""target"": [], ""time"": []}, ""answer_stats"": {""total"": [], ""correct"": []}}, ""quiz_selection"": {""gt"": [], ""answer"": [], ""tp"": [], ""fp"": [], ""tn"": [], ""fn"": [], ""num_tp"": 0, ""num_fp"": 0, ""num_tn"": 0, ""num_fn"": 0}, ""mouseover"": {""state"": {""target"": [], ""time"": []}, ""edge"": {""target"": [], ""time"": []}}, ""mouseout"": {""state"": {""target"": [], ""time"": []}, ""edge"": {""target"": [], ""time"": []}}}, ""trialTime"": 12721, ""trial_type"": ""mouselab-mdp"", ""trial_index"": 15, ""time_elapsed"": 784117, ""internal_node_id"": ""0.0-4.0-1.0-5.0""}, {""stateRewards"": ["""", 10, -5, 5, 10, 5, -5, -5, 5, -10, 10, 5, 10], ""trial_id"": 44, ""block"": ""testing"", ""trialIndex"": 7, ""score"": -6, ""expectedScore"": 0, ""expectedRewards"": 0, ""simulationMode"": [], ""rewards"": [], ""path"": [""0""], ""rt"": [], ""delays"": [], ""actions"": [], ""actionTimes"": [], ""queries"": {""preselect"": {""state"": {""target"": [], ""time"": []}, ""clickable"": {""target"": [], ""time"": []}}, ""click"": {""state"": {""target"": [""3"", ""4"", ""7"", ""8"", ""11"", ""12""], ""time"": [2293, 2944, 3554, 4106, 4706, 5285]}, ""edge"": {""target"": [], ""time"": []}, ""clickable"": {""target"": [false, false, false, false, false, false], ""time"": [2297, 2949, 3557, 4106, 4708, 5287]}}, ""flowchart"": {""index"": {""target"": [], ""time"": []}, ""answer"": {""target"": [], ""time"": []}, ""correct"": {""target"": [], ""time"": []}, ""answer_stats"": {""total"": [], ""correct"": []}}, ""quiz_selection"": {""gt"": [], ""answer"": [], ""tp"": [], ""fp"": [], ""tn"": [], ""fn"": [], ""num_tp"": 0, ""num_fp"": 0, ""num_tn"": 0, ""num_fn"": 0}, ""mouseover"": {""state"": {""target"": [], ""time"": []}, ""edge"": {""target"": [], ""time"": []}}, ""mouseout"": {""state"": {""target"": [], ""time"": []}, ""edge"": {""target"": [], ""time"": []}}}, ""trialTime"": 13038, ""trial_type"": ""mouselab-mdp"", ""trial_index"": 16, ""time_elapsed"": 798782, ""internal_node_id"": ""0.0-4.0-1.0-6.0""}, {""stateRewards"": ["""", 5, -5, -10, -10, 10, 5, 5, -10, -10, -5, 10, 5], ""trial_id"": 17, ""block"": ""testing"", ""trialIndex"": 8, ""score"": -3, ""expectedScore"": 0, ""expectedRewards"": 0, ""simulationMode"": [], ""rewards"": [], ""path"": [""0""], ""rt"": [], ""delays"": [], ""actions"": [], ""actionTimes"": [], ""queries"": {""preselect"": {""state"": {""target"": [], ""time"": []}, ""clickable"": {""target"": [], ""time"": []}}, ""click"": {""state"": {""target"": [""2"", ""6"", ""10""], ""time"": [1749, 2334, 3063]}, ""edge"": {""target"": [], ""time"": []}, ""clickable"": {""target"": [true, true, false], ""time"": [1752, 2336, 3066]}}, ""flowchart"": {""index"": {""target"": [], ""time"": []}, ""answer"": {""target"": [], ""time"": []}, ""correct"": {""target"": [], ""time"": []}, ""answer_stats"": {""total"": [], ""correct"": []}}, ""quiz_selection"": {""gt"": [], ""answer"": [], ""tp"": [], ""fp"": [], ""tn"": [], ""fn"": [], ""num_tp"": 0, ""num_fp"": 0, ""num_tn"": 0, ""num_fn"": 0}, ""mouseover"": {""state"": {""target"": [], ""time"": []}, ""edge"": {""target"": [], ""time"": []}}, ""mouseout"": {""state"": {""target"": [], ""time"": []}, ""edge"": {""target"": [], ""time"": []}}}, ""trialTime"": 12496, ""trial_type"": ""mouselab-mdp"", ""trial_index"": 17, ""time_elapsed"": 812941, ""internal_node_id"": ""0.0-4.0-1.0-7.0""}, {""stateRewards"": ["""", 10, -5, 5, -5, 10, 5, 10, 5, -10, -10, 5, -10], ""trial_id"": 11, ""block"": ""testing"", ""trialIndex"": 9, ""score"": -4, ""expectedScore"": 0, ""expectedRewards"": 0, ""simulationMode"": [], ""rewards"": [], ""path"": [""0""], ""rt"": [], ""delays"": [], ""actions"": [], ""actionTimes"": [], ""queries"": {""preselect"": {""state"": {""target"": [], ""time"": []}, ""clickable"": {""target"": [], ""time"": []}}, ""click"": {""state"": {""target"": [""1"", ""2"", ""4"", ""3""], ""time"": [2346, 7097, 8921, 10510]}, ""edge"": {""target"": [], ""time"": []}, ""clickable"": {""target"": [true, false, true, true], ""time"": [2349, 7100, 8924, 10516]}}, ""flowchart"": {""index"": {""target"": [], ""time"": []}, ""answer"": {""target"": [], ""time"": []}, ""correct"": {""target"": [], ""time"": []}, ""answer_stats"": {""total"": [], ""correct"": []}}, ""quiz_selection"": {""gt"": [], ""answer"": [], ""tp"": [], ""fp"": [], ""tn"": [], ""fn"": [], ""num_tp"": 0, ""num_fp"": 0, ""num_tn"": 0, ""num_fn"": 0}, ""mouseover"": {""state"": {""target"": [], ""time"": []}, ""edge"": {""target"": [], ""time"": []}}, ""mouseout"": {""state"": {""target"": [], ""time"": []}, ""edge"": {""target"": [], ""time"": []}}}, ""trialTime"": 15382, ""trial_type"": ""mouselab-mdp"", ""trial_index"": 18, ""time_elapsed"": 829907, ""internal_node_id"": ""0.0-4.0-1.0-8.0""}, {""stateRewards"": ["""", 10, 5, 5, -10, -10, 10, 5, 5, 10, -5, -10, -10], ""trial_id"": 14, ""block"": ""testing"", ""trialIndex"": 10, ""score"": -1, ""expectedScore"": 0, ""expectedRewards"": 0, ""simulationMode"": [], ""rewards"": [], ""path"": [""0""], ""rt"": [], ""delays"": [], ""actions"": [], ""actionTimes"": [], ""queries"": {""preselect"": {""state"": {""target"": [], ""time"": []}, ""clickable"": {""target"": [], ""time"": []}}, ""click"": {""state"": {""target"": [""9""], ""time"": [1702]}, ""edge"": {""target"": [], ""time"": []}, ""clickable"": {""target"": [true], ""time"": [1704]}}, ""flowchart"": {""index"": {""target"": [], ""time"": []}, ""answer"": {""target"": [], ""time"": []}, ""correct"": {""target"": [], ""time"": []}, ""answer_stats"": {""total"": [], ""correct"": []}}, ""quiz_selection"": {""gt"": [], ""answer"": [], ""tp"": [], ""fp"": [], ""tn"": [], ""fn"": [], ""num_tp"": 0, ""num_fp"": 0, ""num_tn"": 0, ""num_fn"": 0}, ""mouseover"": {""state"": {""target"": [], ""time"": []}, ""edge"": {""target"": [], ""time"": []}}, ""mouseout"": {""state"": {""target"": [], ""time"": []}, ""edge"": {""target"": [], ""time"": []}}}, ""trialTime"": 12427, ""trial_type"": ""mouselab-mdp"", ""trial_index"": 19, ""time_elapsed"": 844012, ""internal_node_id"": ""0.0-4.0-1.0-9.0""}]"
22,1,instructions1,4,12.4,1,1,39,female,0,"[{""stateRewards"": ["""", -5, -10, 5, 10, 5, -10, -5, 10, 10, -5, 10, 5], ""trial_id"": 52, ""block"": ""testing"", ""trialIndex"": 1, ""score"": -7, ""expectedScore"": 0, ""expectedRewards"": 0, ""simulationMode"": [], ""rewards"": [], ""path"": [""0""], ""rt"": [], ""delays"": [], ""actions"": [], ""actionTimes"": [], ""queries"": {""preselect"": {""state"": {""target"": [], ""time"": []}, ""clickable"": {""target"": [], ""time"": []}}, ""click"": {""state"": {""target"": [""1"", ""5"", ""6"", ""9"", ""10"", ""12"", ""11""], ""time"": [14040, 15310, 17583, 19318, 25104, 26942, 28173]}, ""edge"": {""target"": [], ""time"": []}, ""clickable"": {""target"": [true, true, true, true, false, true, true], ""time"": [14044, 15313, 17587, 19322, 25107, 26945, 28177]}}, ""flowchart"": {""index"": {""target"": [], ""time"": []}, ""answer"": {""target"": [], ""time"": []}, ""correct"": {""target"": [], ""time"": []}, ""answer_stats"": {""total"": [], ""correct"": []}}, ""quiz_selection"": {""gt"": [], ""answer"": [], ""tp"": [], ""fp"": [], ""tn"": [], ""fn"": [], ""num_tp"": 0, ""num_fp"": 0, ""num_tn"": 0, ""num_fn"": 0}, ""mouseover"": {""state"": {""target"": [], ""time"": []}, ""edge"": {""target"": [], ""time"": []}}, ""mouseout"": {""state"": {""target"": [], ""time"": []}, ""edge"": {""target"": [], ""time"": []}}}, ""trialTime"": 44329, ""trial_type"": ""mouselab-mdp"", ""trial_index"": 8, ""time_elapsed"": 452339, ""internal_node_id"": ""0.0-4.0-1.0-0.0""}, {""stateRewards"": ["""", -10, -10, -10, 10, 10, 10, -10, 5, 5, -10, -5, 10], ""trial_id"": 19, ""block"": ""testing"", ""trialIndex"": 2, ""score"": -4, ""expectedScore"": 0, ""expectedRewards"": 0, ""simulationMode"": [], ""rewards"": [], ""path"": [""0""], ""rt"": [], ""delays"": [], ""actions"": [], ""actionTimes"": [], ""queries"": {""preselect"": {""state"": {""target"": [], ""time"": []}, ""clickable"": {""target"": [], ""time"": []}}, ""click"": {""state"": {""target"": [""1"", ""6"", ""7"", ""8""], ""time"": [25254, 26473, 29980, 31163]}, ""edge"": {""target"": [], ""time"": []}, ""clickable"": {""target"": [true, true, true, true], ""time"": [25258, 26476, 29983, 31166]}}, ""flowchart"": {""index"": {""target"": [], ""time"": []}, ""answer"": {""target"": [], ""time"": []}, ""correct"": {""target"": [], ""time"": []}, ""answer_stats"": {""total"": [], ""correct"": []}}, ""quiz_selection"": {""gt"": [], ""answer"": [], ""tp"": [], ""fp"": [], ""tn"": [], ""fn"": [], ""num_tp"": 0, ""num_fp"": 0, ""num_tn"": 0, ""num_fn"": 0}, ""mouseover"": {""state"": {""target"": [], ""time"": []}, ""edge"": {""target"": [], ""time"": []}}, ""mouseout"": {""state"": {""target"": [], ""time"": []}, ""edge"": {""target"": [], ""time"": []}}}, ""trialTime"": 51182, ""trial_type"": ""mouselab-mdp"", ""trial_index"": 9, ""time_elapsed"": 504973, ""internal_node_id"": ""0.0-4.0-1.0-1.0""}, {""stateRewards"": ["""", 10, 5, -5, -5, 5, 5, 10, 10, 5, -5, -5, -5], ""trial_id"": 56, ""block"": ""testing"", ""trialIndex"": 3, ""score"": -8, ""expectedScore"": 0, ""expectedRewards"": 0, ""simulationMode"": [], ""rewards"": [], ""path"": [""0""], ""rt"": [], ""delays"": [], ""actions"": [], ""actionTimes"": [], ""queries"": {""preselect"": {""state"": {""target"": [], ""time"": []}, ""clickable"": {""target"": [], ""time"": []}}, ""click"": {""state"": {""target"": [""6"", ""5"", ""4"", ""12"", ""11"", ""3"", ""7"", ""8""], ""time"": [5004, 6207, 15726, 17320, 18988, 19830, 20617, 21248]}, ""edge"": {""target"": [], ""time"": []}, ""clickable"": {""target"": [true, true, false, false, false, false, false, false], ""time"": [5007, 6211, 15729, 17323, 18992, 19834, 20620, 21251]}}, ""flowchart"": {""index"": {""target"": [], ""time"": []}, ""answer"": {""target"": [], ""time"": []}, ""correct"": {""target"": [], ""time"": []}, ""answer_stats"": {""total"": [], ""correct"": []}}, ""quiz_selection"": {""gt"": [], ""answer"": [], ""tp"": [], ""fp"": [], ""tn"": [], ""fn"": [], ""num_tp"": 0, ""num_fp"": 0, ""num_tn"": 0, ""num_fn"": 0}, ""mouseover"": {""state"": {""target"": [], ""time"": []}, ""edge"": {""target"": [], ""time"": []}}, ""mouseout"": {""state"": {""target"": [], ""time"": []}, ""edge"": {""target"": [], ""time"": []}}}, ""trialTime"": 27312, ""trial_type"": ""mouselab-mdp"", ""trial_index"": 10, ""time_elapsed"": 533752, ""internal_node_id"": ""0.0-4.0-1.0-2.0""}, {""stateRewards"": ["""", 10, 5, 5, 10, 10, 10, 5, -5, 5, 10, 5, 5], ""trial_id"": 28, ""block"": ""testing"", ""trialIndex"": 4, ""score"": -3, ""expectedScore"": 0, ""expectedRewards"": 0, ""simulationMode"": [], ""rewards"": [], ""path"": [""0""], ""rt"": [], ""delays"": [], ""actions"": [], ""actionTimes"": [], ""queries"": {""preselect"": {""state"": {""target"": [], ""time"": []}, ""clickable"": {""target"": [], ""time"": []}}, ""click"": {""state"": {""target"": [""1"", ""3"", ""4""], ""time"": [5687, 9464, 10474]}, ""edge"": {""target"": [], ""time"": []}, ""clickable"": {""target"": [true, true, true], ""time"": [5690, 9467, 10477]}}, ""flowchart"": {""index"": {""target"": [], ""time"": []}, ""answer"": {""target"": [], ""time"": []}, ""correct"": {""target"": [], ""time"": []}, ""answer_stats"": {""total"": [], ""correct"": []}}, ""quiz_selection"": {""gt"": [], ""answer"": [], ""tp"": [], ""fp"": [], ""tn"": [], ""fn"": [], ""num_tp"": 0, ""num_fp"": 0, ""num_tn"": 0, ""num_fn"": 0}, ""mouseover"": {""state"": {""target"": [], ""time"": []}, ""edge"": {""target"": [], ""time"": []}}, ""mouseout"": {""state"": {""target"": [], ""time"": []}, ""edge"": {""target"": [], ""time"": []}}}, ""trialTime"": 15979, ""trial_type"": ""mouselab-mdp"", ""trial_index"": 11, ""time_elapsed"": 551167, ""internal_node_id"": ""0.0-4.0-1.0-3.0""}, {""stateRewards"": ["""", 5, -5, 5, -10, 5, -5, 10, -5, -10, -10, -5, -10], ""trial_id"": 35, ""block"": ""testing"", ""trialIndex"": 5, ""score"": -11, ""expectedScore"": 0, ""expectedRewards"": 0, ""simulationMode"": [], ""rewards"": [], ""path"": [""0""], ""rt"": [], ""delays"": [], ""actions"": [], ""actionTimes"": [], ""queries"": {""preselect"": {""state"": {""target"": [], ""time"": []}, ""clickable"": {""target"": [], ""time"": []}}, ""click"": {""state"": {""target"": [""1"", ""2"", ""5"", ""6"", ""9"", ""12"", ""11"", ""8"", ""7"", ""4"", ""3""], ""time"": [2962, 4772, 6276, 8073, 9491, 18682, 19474, 21171, 21798, 22587, 23331]}, ""edge"": {""target"": [], ""time"": []}, ""clickable"": {""target"": [true, true, true, true, true, false, false, false, false, false, false], ""time"": [2966, 4775, 6279, 8076, 9495, 18686, 19477, 21174, 21801, 22591, 23335]}}, ""flowchart"": {""index"": {""target"": [], ""time"": []}, ""answer"": {""target"": [], ""time"": []}, ""correct"": {""target"": [], ""time"": []}, ""answer_stats"": {""total"": [], ""correct"": []}}, ""quiz_selection"": {""gt"": [], ""answer"": [], ""tp"": [], ""fp"": [], ""tn"": [], ""fn"": [], ""num_tp"": 0, ""num_fp"": 0, ""num_tn"": 0, ""num_fn"": 0}, ""mouseover"": {""state"": {""target"": [], ""time"": []}, ""edge"": {""target"": [], ""time"": []}}, ""mouseout"": {""state"": {""target"": [], ""time"": []}, ""edge"": {""target"": [], ""time"": []}}}, ""trialTime"": 28159, ""trial_type"": ""mouselab-mdp"", ""trial_index"": 12, ""time_elapsed"": 580765, ""internal_node_id"": ""0.0-4.0-1.0-4.0""}, {""stateRewards"": ["""", 5, 10, 5, 10, -10, 10, -10, -10, -5, -10, -10, 10], ""trial_id"": 13, ""block"": ""testing"", ""trialIndex"": 6, ""score"": -4, ""expectedScore"": 0, ""expectedRewards"": 0, ""simulationMode"": [], ""rewards"": [], ""path"": [""0""], ""rt"": [], ""delays"": [], ""actions"": [], ""actionTimes"": [], ""queries"": {""preselect"": {""state"": {""target"": [], ""time"": []}, ""clickable"": {""target"": [], ""time"": []}}, ""click"": {""state"": {""target"": [""1"", ""2"", ""3"", ""4""], ""time"": [6876, 8836, 10701, 11563]}, ""edge"": {""target"": [], ""time"": []}, ""clickable"": {""target"": [true, true, true, true], ""time"": [6879, 8840, 10704, 11566]}}, ""flowchart"": {""index"": {""target"": [], ""time"": []}, ""answer"": {""target"": [], ""time"": []}, ""correct"": {""target"": [], ""time"": []}, ""answer_stats"": {""total"": [], ""correct"": []}}, ""quiz_selection"": {""gt"": [], ""answer"": [], ""tp"": [], ""fp"": [], ""tn"": [], ""fn"": [], ""num_tp"": 0, ""num_fp"": 0, ""num_tn"": 0, ""num_fn"": 0}, ""mouseover"": {""state"": {""target"": [], ""time"": []}, ""edge"": {""target"": [], ""time"": []}}, ""mouseout"": {""state"": {""target"": [], ""time"": []}, ""edge"": {""target"": [], ""time"": []}}}, ""trialTime"": 19972, ""trial_type"": ""mouselab-mdp"", ""trial_index"": 13, ""time_elapsed"": 602582, ""internal_node_id"": ""0.0-4.0-1.0-5.0""}, {""stateRewards"": ["""", -10, 10, 10, -5, 10, -10, 5, 10, -5, 5, 5, -10], ""trial_id"": 49, ""block"": ""testing"", ""trialIndex"": 7, ""score"": -3, ""expectedScore"": 0, ""expectedRewards"": 0, ""simulationMode"": [], ""rewards"": [], ""path"": [""0""], ""rt"": [], ""delays"": [], ""actions"": [], ""actionTimes"": [], ""queries"": {""preselect"": {""state"": {""target"": [], ""time"": []}, ""clickable"": {""target"": [], ""time"": []}}, ""click"": {""state"": {""target"": [""5"", ""8"", ""7""], ""time"": [3457, 6344, 7489]}, ""edge"": {""target"": [], ""time"": []}, ""clickable"": {""target"": [true, true, true], ""time"": [3461, 6347, 7492]}}, ""flowchart"": {""index"": {""target"": [], ""time"": []}, ""answer"": {""target"": [], ""time"": []}, ""correct"": {""target"": [], ""time"": []}, ""answer_stats"": {""total"": [], ""correct"": []}}, ""quiz_selection"": {""gt"": [], ""answer"": [], ""tp"": [], ""fp"": [], ""tn"": [], ""fn"": [], ""num_tp"": 0, ""num_fp"": 0, ""num_tn"": 0, ""num_fn"": 0}, ""mouseover"": {""state"": {""target"": [], ""time"": []}, ""edge"": {""target"": [], ""time"": []}}, ""mouseout"": {""state"": {""target"": [], ""time"": []}, ""edge"": {""target"": [], ""time"": []}}}, ""trialTime"": 13501, ""trial_type"": ""mouselab-mdp"", ""trial_index"": 14, ""time_elapsed"": 619100, ""internal_node_id"": ""0.0-4.0-1.0-6.0""}, {""stateRewards"": ["""", 10, -10, 10, 5, 5, -10, -10, 10, -10, -5, 5, 10], ""trial_id"": 38, ""block"": ""testing"", ""trialIndex"": 8, ""score"": -3, ""expectedScore"": 0, ""expectedRewards"": 0, ""simulationMode"": [], ""rewards"": [], ""path"": [""0""], ""rt"": [], ""delays"": [], ""actions"": [], ""actionTimes"": [], ""queries"": {""preselect"": {""state"": {""target"": [], ""time"": []}, ""clickable"": {""target"": [], ""time"": []}}, ""click"": {""state"": {""target"": [""1"", ""4"", ""3""], ""time"": [2911, 5190, 5980]}, ""edge"": {""target"": [], ""time"": []}, ""clickable"": {""target"": [true, true, true], ""time"": [2914, 5193, 5983]}}, ""flowchart"": {""index"": {""target"": [], ""time"": []}, ""answer"": {""target"": [], ""time"": []}, ""correct"": {""target"": [], ""time"": []}, ""answer_stats"": {""total"": [], ""correct"": []}}, ""quiz_selection"": {""gt"": [], ""answer"": [], ""tp"": [], ""fp"": [], ""tn"": [], ""fn"": [], ""num_tp"": 0, ""num_fp"": 0, ""num_tn"": 0, ""num_fn"": 0}, ""mouseover"": {""state"": {""target"": [], ""time"": []}, ""edge"": {""target"": [], ""time"": []}}, ""mouseout"": {""state"": {""target"": [], ""time"": []}, ""edge"": {""target"": [], ""time"": []}}}, ""trialTime"": 12751, ""trial_type"": ""mouselab-mdp"", ""trial_index"": 15, ""time_elapsed"": 633280, ""internal_node_id"": ""0.0-4.0-1.0-7.0""}, {""stateRewards"": ["""", 10, 5, 5, -10, -10, 10, 5, 5, 10, -5, -10, -10], ""trial_id"": 14, ""block"": ""testing"", ""trialIndex"": 9, ""score"": -4, ""expectedScore"": 0, ""expectedRewards"": 0, ""simulationMode"": [], ""rewards"": [], ""path"": [""0""], ""rt"": [], ""delays"": [], ""actions"": [], ""actionTimes"": [], ""queries"": {""preselect"": {""state"": {""target"": [], ""time"": []}, ""clickable"": {""target"": [], ""time"": []}}, ""click"": {""state"": {""target"": [""5"", ""9"", ""11"", ""12""], ""time"": [2691, 3927, 5670, 6543]}, ""edge"": {""target"": [], ""time"": []}, ""clickable"": {""target"": [true, true, true, true], ""time"": [2694, 3930, 5673, 6546]}}, ""flowchart"": {""index"": {""target"": [], ""time"": []}, ""answer"": {""target"": [], ""time"": []}, ""correct"": {""target"": [], ""time"": []}, ""answer_stats"": {""total"": [], ""correct"": []}}, ""quiz_selection"": {""gt"": [], ""answer"": [], ""tp"": [], ""fp"": [], ""tn"": [], ""fn"": [], ""num_tp"": 0, ""num_fp"": 0, ""num_tn"": 0, ""num_fn"": 0}, ""mouseover"": {""state"": {""target"": [], ""time"": []}, ""edge"": {""target"": [], ""time"": []}}, ""mouseout"": {""state"": {""target"": [], ""time"": []}, ""edge"": {""target"": [], ""time"": []}}}, ""trialTime"": 14203, ""trial_type"": ""mouselab-mdp"", ""trial_index"": 16, ""time_elapsed"": 648947, ""internal_node_id"": ""0.0-4.0-1.0-8.0""}, {""stateRewards"": ["""", 10, -10, -10, -5, -10, 10, -10, -5, 10, 10, 5, -5], ""trial_id"": 7, ""block"": ""testing"", ""trialIndex"": 10, ""score"": -3, ""expectedScore"": 0, ""expectedRewards"": 0, ""simulationMode"": [], ""rewards"": [], ""path"": [""0""], ""rt"": [], ""delays"": [], ""actions"": [], ""actionTimes"": [], ""queries"": {""preselect"": {""state"": {""target"": [], ""time"": []}, ""clickable"": {""target"": [], ""time"": []}}, ""click"": {""state"": {""target"": [""1"", ""4"", ""3""], ""time"": [2107, 3846, 4584]}, ""edge"": {""target"": [], ""time"": []}, ""clickable"": {""target"": [true, true, true], ""time"": [2110, 3849, 4586]}}, ""flowchart"": {""index"": {""target"": [], ""time"": []}, ""answer"": {""target"": [], ""time"": []}, ""correct"": {""target"": [], ""time"": []}, ""answer_stats"": {""total"": [], ""correct"": []}}, ""quiz_selection"": {""gt"": [], ""answer"": [], ""tp"": [], ""fp"": [], ""tn"": [], ""fn"": [], ""num_tp"": 0, ""num_fp"": 0, ""num_tn"": 0, ""num_fn"": 0}, ""mouseover"": {""state"": {""target"": [], ""time"": []}, ""edge"": {""target"": [], ""time"": []}}, ""mouseout"": {""state"": {""target"": [], ""time"": []}, ""edge"": {""target"": [], ""time"": []}}}, ""trialTime"": 12476, ""trial_type"": ""mouselab-mdp"", ""trial_index"": 17, ""time_elapsed"": 662860, ""internal_node_id"": ""0.0-4.0-1.0-9.0""}]"
23,1,instructions1,4,8.1,1,2,-,-,0,"[{""stateRewards"": ["""", 5, 5, 5, 10, -5, -5, 10, 10, -10, 10, 5, -10], ""trial_id"": 9, ""block"": ""testing"", ""trialIndex"": 1, ""score"": -2, ""expectedScore"": 0, ""expectedRewards"": 0, ""simulationMode"": [], ""rewards"": [], ""path"": [""0""], ""rt"": [], ""delays"": [], ""actions"": [], ""actionTimes"": [], ""queries"": {""preselect"": {""state"": {""target"": [], ""time"": []}, ""clickable"": {""target"": [], ""time"": []}}, ""click"": {""state"": {""target"": [""1"", ""2""], ""time"": [3128, 4398]}, ""edge"": {""target"": [], ""time"": []}, ""clickable"": {""target"": [true, true], ""time"": [3129, 4400]}}, ""flowchart"": {""index"": {""target"": [], ""time"": []}, ""answer"": {""target"": [], ""time"": []}, ""correct"": {""target"": [], ""time"": []}, ""answer_stats"": {""total"": [], ""correct"": []}}, ""quiz_selection"": {""gt"": [], ""answer"": [], ""tp"": [], ""fp"": [], ""tn"": [], ""fn"": [], ""num_tp"": 0, ""num_fp"": 0, ""num_tn"": 0, ""num_fn"": 0}, ""mouseover"": {""state"": {""target"": [], ""time"": []}, ""edge"": {""target"": [], ""time"": []}}, ""mouseout"": {""state"": {""target"": [], ""time"": []}, ""edge"": {""target"": [], ""time"": []}}}, ""trialTime"": 16259, ""trial_type"": ""mouselab-mdp"", ""trial_index"": 10, ""time_elapsed"": 330443, ""internal_node_id"": ""0.0-4.0-1.0-0.0""}, {""stateRewards"": ["""", 10, -10, -10, -5, -10, 10, -10, -5, 10, 10, 5, -5], ""trial_id"": 7, ""block"": ""testing"", ""trialIndex"": 2, ""score"": -3, ""expectedScore"": 0, ""expectedRewards"": 0, ""simulationMode"": [], ""rewards"": [], ""path"": [""0""], ""rt"": [], ""delays"": [], ""actions"": [], ""actionTimes"": [], ""queries"": {""preselect"": {""state"": {""target"": [], ""time"": []}, ""clickable"": {""target"": [], ""time"": []}}, ""click"": {""state"": {""target"": [""9"", ""10"", ""11""], ""time"": [4114, 6546, 7604]}, ""edge"": {""target"": [], ""time"": []}, ""clickable"": {""target"": [true, false, true], ""time"": [4115, 6547, 7605]}}, ""flowchart"": {""index"": {""target"": [], ""time"": []}, ""answer"": {""target"": [], ""time"": []}, ""correct"": {""target"": [], ""time"": []}, ""answer_stats"": {""total"": [], ""correct"": []}}, ""quiz_selection"": {""gt"": [], ""answer"": [], ""tp"": [], ""fp"": [], ""tn"": [], ""fn"": [], ""num_tp"": 0, ""num_fp"": 0, ""num_tn"": 0, ""num_fn"": 0}, ""mouseover"": {""state"": {""target"": [], ""time"": []}, ""edge"": {""target"": [], ""time"": []}}, ""mouseout"": {""state"": {""target"": [], ""time"": []}, ""edge"": {""target"": [], ""time"": []}}}, ""trialTime"": 13332, ""trial_type"": ""mouselab-mdp"", ""trial_index"": 11, ""time_elapsed"": 345168, ""internal_node_id"": ""0.0-4.0-1.0-1.0""}, {""stateRewards"": ["""", 10, -5, -10, 10, -10, 10, 5, -5, -5, -5, 10, -5], ""trial_id"": 31, ""block"": ""testing"", ""trialIndex"": 3, ""score"": -5, ""expectedScore"": 0, ""expectedRewards"": 0, ""simulationMode"": [], ""rewards"": [], ""path"": [""0""], ""rt"": [], ""delays"": [], ""actions"": [], ""actionTimes"": [], ""queries"": {""preselect"": {""state"": {""target"": [], ""time"": []}, ""clickable"": {""target"": [], ""time"": []}}, ""click"": {""state"": {""target"": [""9"", ""5"", ""1"", ""4"", ""3""], ""time"": [3253, 4295, 6782, 11433, 12892]}, ""edge"": {""target"": [], ""time"": []}, ""clickable"": {""target"": [true, true, true, true, true], ""time"": [3253, 4296, 6783, 11433, 12893]}}, ""flowchart"": {""index"": {""target"": [], ""time"": []}, ""answer"": {""target"": [], ""time"": []}, ""correct"": {""target"": [], ""time"": []}, ""answer_stats"": {""total"": [], ""correct"": []}}, ""quiz_selection"": {""gt"": [], ""answer"": [], ""tp"": [], ""fp"": [], ""tn"": [], ""fn"": [], ""num_tp"": 0, ""num_fp"": 0, ""num_tn"": 0, ""num_fn"": 0}, ""mouseover"": {""state"": {""target"": [], ""time"": []}, ""edge"": {""target"": [], ""time"": []}}, ""mouseout"": {""state"": {""target"": [], ""time"": []}, ""edge"": {""target"": [], ""time"": []}}}, ""trialTime"": 17022, ""trial_type"": ""mouselab-mdp"", ""trial_index"": 12, ""time_elapsed"": 363561, ""internal_node_id"": ""0.0-4.0-1.0-2.0""}, {""stateRewards"": ["""", 10, 5, -5, -5, 5, 5, 10, 10, 5, -5, -5, -5], ""trial_id"": 56, ""block"": ""testing"", ""trialIndex"": 4, ""score"": -4, ""expectedScore"": 0, ""expectedRewards"": 0, ""simulationMode"": [], ""rewards"": [], ""path"": [""0""], ""rt"": [], ""delays"": [], ""actions"": [], ""actionTimes"": [], ""queries"": {""preselect"": {""state"": {""target"": [], ""time"": []}, ""clickable"": {""target"": [], ""time"": []}}, ""click"": {""state"": {""target"": [""9"", ""10"", ""5"", ""6""], ""time"": [2802, 4019, 5419, 6929]}, ""edge"": {""target"": [], ""time"": []}, ""clickable"": {""target"": [true, true, true, true], ""time"": [2803, 4021, 5420, 6932]}}, ""flowchart"": {""index"": {""target"": [], ""time"": []}, ""answer"": {""target"": [], ""time"": []}, ""correct"": {""target"": [], ""time"": []}, ""answer_stats"": {""total"": [], ""correct"": []}}, ""quiz_selection"": {""gt"": [], ""answer"": [], ""tp"": [], ""fp"": [], ""tn"": [], ""fn"": [], ""num_tp"": 0, ""num_fp"": 0, ""num_tn"": 0, ""num_fn"": 0}, ""mouseover"": {""state"": {""target"": [], ""time"": []}, ""edge"": {""target"": [], ""time"": []}}, ""mouseout"": {""state"": {""target"": [], ""time"": []}, ""edge"": {""target"": [], ""time"": []}}}, ""trialTime"": 17736, ""trial_type"": ""mouselab-mdp"", ""trial_index"": 13, ""time_elapsed"": 382692, ""internal_node_id"": ""0.0-4.0-1.0-3.0""}, {""stateRewards"": ["""", 10, 10, 10, 10, -5, -5, 10, 10, -5, 10, -10, -10], ""trial_id"": 47, ""block"": ""testing"", ""trialIndex"": 5, ""score"": -5, ""expectedScore"": 0, ""expectedRewards"": 0, ""simulationMode"": [], ""rewards"": [], ""path"": [""0""], ""rt"": [], ""delays"": [], ""actions"": [], ""actionTimes"": [], ""queries"": {""preselect"": {""state"": {""target"": [], ""time"": []}, ""clickable"": {""target"": [], ""time"": []}}, ""click"": {""state"": {""target"": [""5"", ""1"", ""2"", ""3"", ""4""], ""time"": [2011, 2969, 5939, 7427, 11540]}, ""edge"": {""target"": [], ""time"": []}, ""clickable"": {""target"": [true, true, false, true, true], ""time"": [2012, 2971, 5941, 7428, 11540]}}, ""flowchart"": {""index"": {""target"": [], ""time"": []}, ""answer"": {""target"": [], ""time"": []}, ""correct"": {""target"": [], ""time"": []}, ""answer_stats"": {""total"": [], ""correct"": []}}, ""quiz_selection"": {""gt"": [], ""answer"": [], ""tp"": [], ""fp"": [], ""tn"": [], ""fn"": [], ""num_tp"": 0, ""num_fp"": 0, ""num_tn"": 0, ""num_fn"": 0}, ""mouseover"": {""state"": {""target"": [], ""time"": []}, ""edge"": {""target"": [], ""time"": []}}, ""mouseout"": {""state"": {""target"": [], ""time"": []}, ""edge"": {""target"": [], ""time"": []}}}, ""trialTime"": 16132, ""trial_type"": ""mouselab-mdp"", ""trial_index"": 14, ""time_elapsed"": 400289, ""internal_node_id"": ""0.0-4.0-1.0-4.0""}, {""stateRewards"": ["""", -5, -10, -5, -10, -10, -5, 10, -5, -10, 5, 10, -5], ""trial_id"": 57, ""block"": ""testing"", ""trialIndex"": 6, ""score"": -6, ""expectedScore"": 0, ""expectedRewards"": 0, ""simulationMode"": [], ""rewards"": [], ""path"": [""0""], ""rt"": [], ""delays"": [], ""actions"": [], ""actionTimes"": [], ""queries"": {""preselect"": {""state"": {""target"": [], ""time"": []}, ""clickable"": {""target"": [], ""time"": []}}, ""click"": {""state"": {""target"": [""5"", ""9"", ""1"", ""2"", ""6"", ""10""], ""time"": [1750, 2771, 3794, 4755, 6205, 7534]}, ""edge"": {""target"": [], ""time"": []}, ""clickable"": {""target"": [true, true, true, true, true, true], ""time"": [1751, 2772, 3795, 4757, 6207, 7535]}}, ""flowchart"": {""index"": {""target"": [], ""time"": []}, ""answer"": {""target"": [], ""time"": []}, ""correct"": {""target"": [], ""time"": []}, ""answer_stats"": {""total"": [], ""correct"": []}}, ""quiz_selection"": {""gt"": [], ""answer"": [], ""tp"": [], ""fp"": [], ""tn"": [], ""fn"": [], ""num_tp"": 0, ""num_fp"": 0, ""num_tn"": 0, ""num_fn"": 0}, ""mouseover"": {""state"": {""target"": [], ""time"": []}, ""edge"": {""target"": [], ""time"": []}}, ""mouseout"": {""state"": {""target"": [], ""time"": []}, ""edge"": {""target"": [], ""time"": []}}}, ""trialTime"": 14570, ""trial_type"": ""mouselab-mdp"", ""trial_index"": 15, ""time_elapsed"": 416284, ""internal_node_id"": ""0.0-4.0-1.0-5.0""}, {""stateRewards"": ["""", 5, -5, 10, -5, -10, 10, -10, 10, 5, -10, -10, -5], ""trial_id"": 15, ""block"": ""testing"", ""trialIndex"": 7, ""score"": -5, ""expectedScore"": 0, ""expectedRewards"": 0, ""simulationMode"": [], ""rewards"": [], ""path"": [""0""], ""rt"": [], ""delays"": [], ""actions"": [], ""actionTimes"": [], ""queries"": {""preselect"": {""state"": {""target"": [], ""time"": []}, ""clickable"": {""target"": [], ""time"": []}}, ""click"": {""state"": {""target"": [""1"", ""2"", ""6"", ""8"", ""7""], ""time"": [2457, 3685, 4914, 6581, 7740]}, ""edge"": {""target"": [], ""time"": []}, ""clickable"": {""target"": [true, true, true, true, true], ""time"": [2457, 3686, 4915, 6582, 7741]}}, ""flowchart"": {""index"": {""target"": [], ""time"": []}, ""answer"": {""target"": [], ""time"": []}, ""correct"": {""target"": [], ""time"": []}, ""answer_stats"": {""total"": [], ""correct"": []}}, ""quiz_selection"": {""gt"": [], ""answer"": [], ""tp"": [], ""fp"": [], ""tn"": [], ""fn"": [], ""num_tp"": 0, ""num_fp"": 0, ""num_tn"": 0, ""num_fn"": 0}, ""mouseover"": {""state"": {""target"": [], ""time"": []}, ""edge"": {""target"": [], ""time"": []}}, ""mouseout"": {""state"": {""target"": [], ""time"": []}, ""edge"": {""target"": [], ""time"": []}}}, ""trialTime"": 11944, ""trial_type"": ""mouselab-mdp"", ""trial_index"": 16, ""time_elapsed"": 429596, ""internal_node_id"": ""0.0-4.0-1.0-6.0""}, {""stateRewards"": ["""", -5, -10, -5, 5, 5, 5, -5, 5, 10, 10, -5, -5], ""trial_id"": 50, ""block"": ""testing"", ""trialIndex"": 8, ""score"": -3, ""expectedScore"": 0, ""expectedRewards"": 0, ""simulationMode"": [], ""rewards"": [], ""path"": [""0""], ""rt"": [], ""delays"": [], ""actions"": [], ""actionTimes"": [], ""queries"": {""preselect"": {""state"": {""target"": [], ""time"": []}, ""clickable"": {""target"": [], ""time"": []}}, ""click"": {""state"": {""target"": [""9"", ""11"", ""12""], ""time"": [1275, 4282, 4950]}, ""edge"": {""target"": [], ""time"": []}, ""clickable"": {""target"": [true, true, true], ""time"": [1276, 4283, 4951]}}, ""flowchart"": {""index"": {""target"": [], ""time"": []}, ""answer"": {""target"": [], ""time"": []}, ""correct"": {""target"": [], ""time"": []}, ""answer_stats"": {""total"": [], ""correct"": []}}, ""quiz_selection"": {""gt"": [], ""answer"": [], ""tp"": [], ""fp"": [], ""tn"": [], ""fn"": [], ""num_tp"": 0, ""num_fp"": 0, ""num_tn"": 0, ""num_fn"": 0}, ""mouseover"": {""state"": {""target"": [], ""time"": []}, ""edge"": {""target"": [], ""time"": []}}, ""mouseout"": {""state"": {""target"": [], ""time"": []}, ""edge"": {""target"": [], ""time"": []}}}, ""trialTime"": 11873, ""trial_type"": ""mouselab-mdp"", ""trial_index"": 17, ""time_elapsed"": 442856, ""internal_node_id"": ""0.0-4.0-1.0-7.0""}, {""stateRewards"": ["""", -5, 5, -10, 5, -5, -5, 5, -5, 5, -10, 10, 5], ""trial_id"": 45, ""block"": ""testing"", ""trialIndex"": 9, ""score"": -5, ""expectedScore"": 0, ""expectedRewards"": 0, ""simulationMode"": [], ""rewards"": [], ""path"": [""0""], ""rt"": [], ""delays"": [], ""actions"": [], ""actionTimes"": [], ""queries"": {""preselect"": {""state"": {""target"": [], ""time"": []}, ""clickable"": {""target"": [], ""time"": []}}, ""click"": {""state"": {""target"": [""9"", ""10"", ""6"", ""2"", ""1""], ""time"": [1560, 2692, 4384, 5408, 6261]}, ""edge"": {""target"": [], ""time"": []}, ""clickable"": {""target"": [true, true, true, true, true], ""time"": [1560, 2693, 4386, 5410, 6262]}}, ""flowchart"": {""index"": {""target"": [], ""time"": []}, ""answer"": {""target"": [], ""time"": []}, ""correct"": {""target"": [], ""time"": []}, ""answer_stats"": {""total"": [], ""correct"": []}}, ""quiz_selection"": {""gt"": [], ""answer"": [], ""tp"": [], ""fp"": [], ""tn"": [], ""fn"": [], ""num_tp"": 0, ""num_fp"": 0, ""num_tn"": 0, ""num_fn"": 0}, ""mouseover"": {""state"": {""target"": [], ""time"": []}, ""edge"": {""target"": [], ""time"": []}}, ""mouseout"": {""state"": {""target"": [], ""time"": []}, ""edge"": {""target"": [], ""time"": []}}}, ""trialTime"": 12368, ""trial_type"": ""mouselab-mdp"", ""trial_index"": 18, ""time_elapsed"": 456578, ""internal_node_id"": ""0.0-4.0-1.0-8.0""}, {""stateRewards"": ["""", -10, 5, -10, 5, 10, 10, -5, -10, -5, 10, -5, 10], ""trial_id"": 42, ""block"": ""testing"", ""trialIndex"": 10, ""score"": -4, ""expectedScore"": 0, ""expectedRewards"": 0, ""simulationMode"": [], ""rewards"": [], ""path"": [""0""], ""rt"": [], ""delays"": [], ""actions"": [], ""actionTimes"": [], ""queries"": {""preselect"": {""state"": {""target"": [], ""time"": []}, ""clickable"": {""target"": [], ""time"": []}}, ""click"": {""state"": {""target"": [""9"", ""5"", ""7"", ""8""], ""time"": [2492, 3319, 4781, 5389]}, ""edge"": {""target"": [], ""time"": []}, ""clickable"": {""target"": [true, true, true, true], ""time"": [2494, 3320, 4782, 5390]}}, ""flowchart"": {""index"": {""target"": [], ""time"": []}, ""answer"": {""target"": [], ""time"": []}, ""correct"": {""target"": [], ""time"": []}, ""answer_stats"": {""total"": [], ""correct"": []}}, ""quiz_selection"": {""gt"": [], ""answer"": [], ""tp"": [], ""fp"": [], ""tn"": [], ""fn"": [], ""num_tp"": 0, ""num_fp"": 0, ""num_tn"": 0, ""num_fn"": 0}, ""mouseover"": {""state"": {""target"": [], ""time"": []}, ""edge"": {""target"": [], ""time"": []}}, ""mouseout"": {""state"": {""target"": [], ""time"": []}, ""edge"": {""target"": [], ""time"": []}}}, ""trialTime"": 16699, ""trial_type"": ""mouselab-mdp"", ""trial_index"": 19, ""time_elapsed"": 474651, ""internal_node_id"": ""0.0-4.0-1.0-9.0""}]"
24,1,instructions1,4,7.9,2,1,46,male,0,"[{""stateRewards"": ["""", 5, 5, 5, 10, -5, -5, 10, 10, -10, 10, 5, -10], ""trial_id"": 9, ""block"": ""testing"", ""trialIndex"": 1, ""score"": -4, ""expectedScore"": 0, ""expectedRewards"": 0, ""simulationMode"": [], ""rewards"": [], ""path"": [""0""], ""rt"": [], ""delays"": [], ""actions"": [], ""actionTimes"": [], ""queries"": {""preselect"": {""state"": {""target"": [], ""time"": []}, ""clickable"": {""target"": [], ""time"": []}}, ""click"": {""state"": {""target"": [""9"", ""5"", ""1"", ""2""], ""time"": [17210, 19782, 20823, 23639]}, ""edge"": {""target"": [], ""time"": []}, ""clickable"": {""target"": [true, true, true, true], ""time"": [17210, 19782, 20825, 23642]}}, ""flowchart"": {""index"": {""target"": [], ""time"": []}, ""answer"": {""target"": [], ""time"": []}, ""correct"": {""target"": [], ""time"": []}, ""answer_stats"": {""total"": [], ""correct"": []}}, ""quiz_selection"": {""gt"": [], ""answer"": [], ""tp"": [], ""fp"": [], ""tn"": [], ""fn"": [], ""num_tp"": 0, ""num_fp"": 0, ""num_tn"": 0, ""num_fn"": 0}, ""mouseover"": {""state"": {""target"": [], ""time"": []}, ""edge"": {""target"": [], ""time"": []}}, ""mouseout"": {""state"": {""target"": [], ""time"": []}, ""edge"": {""target"": [], ""time"": []}}}, ""trialTime"": 37004, ""trial_type"": ""mouselab-mdp"", ""trial_index"": 10, ""time_elapsed"": 257892, ""internal_node_id"": ""0.0-4.0-1.0-0.0""}, {""stateRewards"": ["""", -10, 5, 10, 5, -10, 5, -5, 5, 10, 5, 5, -5], ""trial_id"": 41, ""block"": ""testing"", ""trialIndex"": 2, ""score"": -5, ""expectedScore"": 0, ""expectedRewards"": 0, ""simulationMode"": [], ""rewards"": [], ""path"": [""0""], ""rt"": [], ""delays"": [], ""actions"": [], ""actionTimes"": [], ""queries"": {""preselect"": {""state"": {""target"": [], ""time"": []}, ""clickable"": {""target"": [], ""time"": []}}, ""click"": {""state"": {""target"": [""5"", ""10"", ""9"", ""12"", ""11""], ""time"": [4569, 6935, 8116, 29617, 30324]}, ""edge"": {""target"": [], ""time"": []}, ""clickable"": {""target"": [true, true, true, true, true], ""time"": [4572, 6936, 8117, 29618, 30324]}}, ""flowchart"": {""index"": {""target"": [], ""time"": []}, ""answer"": {""target"": [], ""time"": []}, ""correct"": {""target"": [], ""time"": []}, ""answer_stats"": {""total"": [], ""correct"": []}}, ""quiz_selection"": {""gt"": [], ""answer"": [], ""tp"": [], ""fp"": [], ""tn"": [], ""fn"": [], ""num_tp"": 0, ""num_fp"": 0, ""num_tn"": 0, ""num_fn"": 0}, ""mouseover"": {""state"": {""target"": [], ""time"": []}, ""edge"": {""target"": [], ""time"": []}}, ""mouseout"": {""state"": {""target"": [], ""time"": []}, ""edge"": {""target"": [], ""time"": []}}}, ""trialTime"": 37034, ""trial_type"": ""mouselab-mdp"", ""trial_index"": 11, ""time_elapsed"": 296147, ""internal_node_id"": ""0.0-4.0-1.0-1.0""}, {""stateRewards"": ["""", 10, -5, 5, -5, 10, 5, 10, 5, -10, -10, 5, -10], ""trial_id"": 11, ""block"": ""testing"", ""trialIndex"": 3, ""score"": -5, ""expectedScore"": 0, ""expectedRewards"": 0, ""simulationMode"": [], ""rewards"": [], ""path"": [""0""], ""rt"": [], ""delays"": [], ""actions"": [], ""actionTimes"": [], ""queries"": {""preselect"": {""state"": {""target"": [], ""time"": []}, ""clickable"": {""target"": [], ""time"": []}}, ""click"": {""state"": {""target"": [""2"", ""6"", ""5"", ""7"", ""8""], ""time"": [3709, 4777, 6059, 11047, 13242]}, ""edge"": {""target"": [], ""time"": []}, ""clickable"": {""target"": [true, true, true, true, true], ""time"": [3709, 4778, 6061, 11048, 13244]}}, ""flowchart"": {""index"": {""target"": [], ""time"": []}, ""answer"": {""target"": [], ""time"": []}, ""correct"": {""target"": [], ""time"": []}, ""answer_stats"": {""total"": [], ""correct"": []}}, ""quiz_selection"": {""gt"": [], ""answer"": [], ""tp"": [], ""fp"": [], ""tn"": [], ""fn"": [], ""num_tp"": 0, ""num_fp"": 0, ""num_tn"": 0, ""num_fn"": 0}, ""mouseover"": {""state"": {""target"": [], ""time"": []}, ""edge"": {""target"": [], ""time"": []}}, ""mouseout"": {""state"": {""target"": [], ""time"": []}, ""edge"": {""target"": [], ""time"": []}}}, ""trialTime"": 18658, ""trial_type"": ""mouselab-mdp"", ""trial_index"": 12, ""time_elapsed"": 316019, ""internal_node_id"": ""0.0-4.0-1.0-2.0""}, {""stateRewards"": ["""", 10, 10, -5, -5, 10, -5, 5, 10, -10, -5, 10, -5], ""trial_id"": 33, ""block"": ""testing"", ""trialIndex"": 4, ""score"": -3, ""expectedScore"": 0, ""expectedRewards"": 0, ""simulationMode"": [], ""rewards"": [], ""path"": [""0""], ""rt"": [], ""delays"": [], ""actions"": [], ""actionTimes"": [], ""queries"": {""preselect"": {""state"": {""target"": [], ""time"": []}, ""clickable"": {""target"": [], ""time"": []}}, ""click"": {""state"": {""target"": [""5"", ""7"", ""8""], ""time"": [1831, 3959, 7185]}, ""edge"": {""target"": [], ""time"": []}, ""clickable"": {""target"": [true, true, true], ""time"": [1832, 3961, 7186]}}, ""flowchart"": {""index"": {""target"": [], ""time"": []}, ""answer"": {""target"": [], ""time"": []}, ""correct"": {""target"": [], ""time"": []}, ""answer_stats"": {""total"": [], ""correct"": []}}, ""quiz_selection"": {""gt"": [], ""answer"": [], ""tp"": [], ""fp"": [], ""tn"": [], ""fn"": [], ""num_tp"": 0, ""num_fp"": 0, ""num_tn"": 0, ""num_fn"": 0}, ""mouseover"": {""state"": {""target"": [], ""time"": []}, ""edge"": {""target"": [], ""time"": []}}, ""mouseout"": {""state"": {""target"": [], ""time"": []}, ""edge"": {""target"": [], ""time"": []}}}, ""trialTime"": 12414, ""trial_type"": ""mouselab-mdp"", ""trial_index"": 13, ""time_elapsed"": 329667, ""internal_node_id"": ""0.0-4.0-1.0-3.0""}, {""stateRewards"": ["""", -10, -10, 5, -10, -10, 5, -10, -10, -5, 10, 10, 5], ""trial_id"": 26, ""block"": ""testing"", ""trialIndex"": 5, ""score"": -5, ""expectedScore"": 0, ""expectedRewards"": 0, ""simulationMode"": [], ""rewards"": [], ""path"": [""0""], ""rt"": [], ""delays"": [], ""actions"": [], ""actionTimes"": [], ""queries"": {""preselect"": {""state"": {""target"": [], ""time"": []}, ""clickable"": {""target"": [], ""time"": []}}, ""click"": {""state"": {""target"": [""5"", ""2"", ""10"", ""11"", ""12""], ""time"": [2090, 3625, 5132, 6843, 7956]}, ""edge"": {""target"": [], ""time"": []}, ""clickable"": {""target"": [true, true, true, true, true], ""time"": [2090, 3626, 5132, 6845, 7956]}}, ""flowchart"": {""index"": {""target"": [], ""time"": []}, ""answer"": {""target"": [], ""time"": []}, ""correct"": {""target"": [], ""time"": []}, ""answer_stats"": {""total"": [], ""correct"": []}}, ""quiz_selection"": {""gt"": [], ""answer"": [], ""tp"": [], ""fp"": [], ""tn"": [], ""fn"": [], ""num_tp"": 0, ""num_fp"": 0, ""num_tn"": 0, ""num_fn"": 0}, ""mouseover"": {""state"": {""target"": [], ""time"": []}, ""edge"": {""target"": [], ""time"": []}}, ""mouseout"": {""state"": {""target"": [], ""time"": []}, ""edge"": {""target"": [], ""time"": []}}}, ""trialTime"": 12531, ""trial_type"": ""mouselab-mdp"", ""trial_index"": 14, ""time_elapsed"": 343427, ""internal_node_id"": ""0.0-4.0-1.0-4.0""}, {""stateRewards"": ["""", 5, -5, 10, -5, -10, 10, -10, 10, 5, -10, -10, -5], ""trial_id"": 15, ""block"": ""testing"", ""trialIndex"": 6, ""score"": -4, ""expectedScore"": 0, ""expectedRewards"": 0, ""simulationMode"": [], ""rewards"": [], ""path"": [""0""], ""rt"": [], ""delays"": [], ""actions"": [], ""actionTimes"": [], ""queries"": {""preselect"": {""state"": {""target"": [], ""time"": []}, ""clickable"": {""target"": [], ""time"": []}}, ""click"": {""state"": {""target"": [""10"", ""6"", ""7"", ""8""], ""time"": [3456, 5004, 6382, 8671]}, ""edge"": {""target"": [], ""time"": []}, ""clickable"": {""target"": [true, true, true, true], ""time"": [3457, 5005, 6382, 8672]}}, ""flowchart"": {""index"": {""target"": [], ""time"": []}, ""answer"": {""target"": [], ""time"": []}, ""correct"": {""target"": [], ""time"": []}, ""answer_stats"": {""total"": [], ""correct"": []}}, ""quiz_selection"": {""gt"": [], ""answer"": [], ""tp"": [], ""fp"": [], ""tn"": [], ""fn"": [], ""num_tp"": 0, ""num_fp"": 0, ""num_tn"": 0, ""num_fn"": 0}, ""mouseover"": {""state"": {""target"": [], ""time"": []}, ""edge"": {""target"": [], ""time"": []}}, ""mouseout"": {""state"": {""target"": [], ""time"": []}, ""edge"": {""target"": [], ""time"": []}}}, ""trialTime"": 14793, ""trial_type"": ""mouselab-mdp"", ""trial_index"": 15, ""time_elapsed"": 359432, ""internal_node_id"": ""0.0-4.0-1.0-5.0""}, {""stateRewards"": ["""", -10, -10, -10, 10, 10, 10, -10, 5, 5, -10, -5, 10], ""trial_id"": 19, ""block"": ""testing"", ""trialIndex"": 7, ""score"": -3, ""expectedScore"": 0, ""expectedRewards"": 0, ""simulationMode"": [], ""rewards"": [], ""path"": [""0""], ""rt"": [], ""delays"": [], ""actions"": [], ""actionTimes"": [], ""queries"": {""preselect"": {""state"": {""target"": [], ""time"": []}, ""clickable"": {""target"": [], ""time"": []}}, ""click"": {""state"": {""target"": [""5"", ""7"", ""8""], ""time"": [2077, 3560, 6023]}, ""edge"": {""target"": [], ""time"": []}, ""clickable"": {""target"": [true, true, true], ""time"": [2079, 3561, 6026]}}, ""flowchart"": {""index"": {""target"": [], ""time"": []}, ""answer"": {""target"": [], ""time"": []}, ""correct"": {""target"": [], ""time"": []}, ""answer_stats"": {""total"": [], ""correct"": []}}, ""quiz_selection"": {""gt"": [], ""answer"": [], ""tp"": [], ""fp"": [], ""tn"": [], ""fn"": [], ""num_tp"": 0, ""num_fp"": 0, ""num_tn"": 0, ""num_fn"": 0}, ""mouseover"": {""state"": {""target"": [], ""time"": []}, ""edge"": {""target"": [], ""time"": []}}, ""mouseout"": {""state"": {""target"": [], ""time"": []}, ""edge"": {""target"": [], ""time"": []}}}, ""trialTime"": 13630, ""trial_type"": ""mouselab-mdp"", ""trial_index"": 16, ""time_elapsed"": 374281, ""internal_node_id"": ""0.0-4.0-1.0-6.0""}, {""stateRewards"": ["""", 5, -10, 10, -5, -5, 5, 10, -5, 5, 10, -5, -5], ""trial_id"": 2, ""block"": ""testing"", ""trialIndex"": 8, ""score"": -3, ""expectedScore"": 0, ""expectedRewards"": 0, ""simulationMode"": [], ""rewards"": [], ""path"": [""0""], ""rt"": [], ""delays"": [], ""actions"": [], ""actionTimes"": [], ""queries"": {""preselect"": {""state"": {""target"": [], ""time"": []}, ""clickable"": {""target"": [], ""time"": []}}, ""click"": {""state"": {""target"": [""10"", ""11"", ""12""], ""time"": [1342, 6404, 8074]}, ""edge"": {""target"": [], ""time"": []}, ""clickable"": {""target"": [true, true, true], ""time"": [1344, 6405, 8075]}}, ""flowchart"": {""index"": {""target"": [], ""time"": []}, ""answer"": {""target"": [], ""time"": []}, ""correct"": {""target"": [], ""time"": []}, ""answer_stats"": {""total"": [], ""correct"": []}}, ""quiz_selection"": {""gt"": [], ""answer"": [], ""tp"": [], ""fp"": [], ""tn"": [], ""fn"": [], ""num_tp"": 0, ""num_fp"": 0, ""num_tn"": 0, ""num_fn"": 0}, ""mouseover"": {""state"": {""target"": [], ""time"": []}, ""edge"": {""target"": [], ""time"": []}}, ""mouseout"": {""state"": {""target"": [], ""time"": []}, ""edge"": {""target"": [], ""time"": []}}}, ""trialTime"": 12217, ""trial_type"": ""mouselab-mdp"", ""trial_index"": 17, ""time_elapsed"": 387724, ""internal_node_id"": ""0.0-4.0-1.0-7.0""}, {""stateRewards"": ["""", 10, -5, -10, 10, -10, 10, 5, -5, -5, -5, 10, -5], ""trial_id"": 31, ""block"": ""testing"", ""trialIndex"": 9, ""score"": -7, ""expectedScore"": 0, ""expectedRewards"": 0, ""simulationMode"": [], ""rewards"": [], ""path"": [""0""], ""rt"": [], ""delays"": [], ""actions"": [], ""actionTimes"": [], ""queries"": {""preselect"": {""state"": {""target"": [], ""time"": []}, ""clickable"": {""target"": [], ""time"": []}}, ""click"": {""state"": {""target"": [""2"", ""5"", ""10"", ""9"", ""1"", ""3"", ""4""], ""time"": [2247, 3641, 5026, 5944, 8504, 9706, 10884]}, ""edge"": {""target"": [], ""time"": []}, ""clickable"": {""target"": [true, true, true, true, true, true, true], ""time"": [2250, 3642, 5027, 5945, 8504, 9708, 10884]}}, ""flowchart"": {""index"": {""target"": [], ""time"": []}, ""answer"": {""target"": [], ""time"": []}, ""correct"": {""target"": [], ""time"": []}, ""answer_stats"": {""total"": [], ""correct"": []}}, ""quiz_selection"": {""gt"": [], ""answer"": [], ""tp"": [], ""fp"": [], ""tn"": [], ""fn"": [], ""num_tp"": 0, ""num_fp"": 0, ""num_tn"": 0, ""num_fn"": 0}, ""mouseover"": {""state"": {""target"": [], ""time"": []}, ""edge"": {""target"": [], ""time"": []}}, ""mouseout"": {""state"": {""target"": [], ""time"": []}, ""edge"": {""target"": [], ""time"": []}}}, ""trialTime"": 15630, ""trial_type"": ""mouselab-mdp"", ""trial_index"": 18, ""time_elapsed"": 404564, ""internal_node_id"": ""0.0-4.0-1.0-8.0""}, {""stateRewards"": ["""", -5, 10, -10, -10, 5, 5, -5, 5, 10, 5, -5, -5], ""trial_id"": 55, ""block"": ""testing"", ""trialIndex"": 10, ""score"": -3, ""expectedScore"": 0, ""expectedRewards"": 0, ""simulationMode"": [], ""rewards"": [], ""path"": [""0""], ""rt"": [], ""delays"": [], ""actions"": [], ""actionTimes"": [], ""queries"": {""preselect"": {""state"": {""target"": [], ""time"": []}, ""clickable"": {""target"": [], ""time"": []}}, ""click"": {""state"": {""target"": [""9"", ""11"", ""12""], ""time"": [2729, 5104, 6171]}, ""edge"": {""target"": [], ""time"": []}, ""clickable"": {""target"": [true, true, true], ""time"": [2731, 5105, 6172]}}, ""flowchart"": {""index"": {""target"": [], ""time"": []}, ""answer"": {""target"": [], ""time"": []}, ""correct"": {""target"": [], ""time"": []}, ""answer_stats"": {""total"": [], ""correct"": []}}, ""quiz_selection"": {""gt"": [], ""answer"": [], ""tp"": [], ""fp"": [], ""tn"": [], ""fn"": [], ""num_tp"": 0, ""num_fp"": 0, ""num_tn"": 0, ""num_fn"": 0}, ""mouseover"": {""state"": {""target"": [], ""time"": []}, ""edge"": {""target"": [], ""time"": []}}, ""mouseout"": {""state"": {""target"": [], ""time"": []}, ""edge"": {""target"": [], ""time"": []}}}, ""trialTime"": 12784, ""trial_type"": ""mouselab-mdp"", ""trial_index"": 19, ""time_elapsed"": 418586, ""internal_node_id"": ""0.0-4.0-1.0-9.0""}]"
25,1,instructions1,4,8.6,1,1,22,Male,0,"[{""stateRewards"": ["""", -5, -5, 5, 10, 10, -10, -10, -10, -10, 10, 10, 10], ""trial_id"": 4, ""block"": ""testing"", ""trialIndex"": 1, ""score"": -5, ""expectedScore"": 0, ""expectedRewards"": 0, ""simulationMode"": [], ""rewards"": [], ""path"": [""0""], ""rt"": [], ""delays"": [], ""actions"": [], ""actionTimes"": [], ""queries"": {""preselect"": {""state"": {""target"": [], ""time"": []}, ""clickable"": {""target"": [], ""time"": []}}, ""click"": {""state"": {""target"": [""2"", ""6"", ""10"", ""11"", ""12""], ""time"": [9960, 12317, 14507, 20316, 22323]}, ""edge"": {""target"": [], ""time"": []}, ""clickable"": {""target"": [true, true, true, true, true], ""time"": [9960, 12318, 14507, 20317, 22324]}}, ""flowchart"": {""index"": {""target"": [], ""time"": []}, ""answer"": {""target"": [], ""time"": []}, ""correct"": {""target"": [], ""time"": []}, ""answer_stats"": {""total"": [], ""correct"": []}}, ""quiz_selection"": {""gt"": [], ""answer"": [], ""tp"": [], ""fp"": [], ""tn"": [], ""fn"": [], ""num_tp"": 0, ""num_fp"": 0, ""num_tn"": 0, ""num_fn"": 0}, ""mouseover"": {""state"": {""target"": [], ""time"": []}, ""edge"": {""target"": [], ""time"": []}}, ""mouseout"": {""state"": {""target"": [], ""time"": []}, ""edge"": {""target"": [], ""time"": []}}}, ""trialTime"": 31974, ""trial_type"": ""mouselab-mdp"", ""trial_index"": 8, ""time_elapsed"": 184853, ""internal_node_id"": ""0.0-4.0-1.0-0.0""}, {""stateRewards"": ["""", 10, -5, 5, 10, 5, -5, -5, 5, -10, 10, 5, 10], ""trial_id"": 44, ""block"": ""testing"", ""trialIndex"": 2, ""score"": -5, ""expectedScore"": 0, ""expectedRewards"": 0, ""simulationMode"": [], ""rewards"": [], ""path"": [""0""], ""rt"": [], ""delays"": [], ""actions"": [], ""actionTimes"": [], ""queries"": {""preselect"": {""state"": {""target"": [], ""time"": []}, ""clickable"": {""target"": [], ""time"": []}}, ""click"": {""state"": {""target"": [""2"", ""6"", ""10"", ""11"", ""12""], ""time"": [8349, 9977, 11342, 15804, 17113]}, ""edge"": {""target"": [], ""time"": []}, ""clickable"": {""target"": [true, true, true, true, true], ""time"": [8349, 9978, 11343, 15806, 17114]}}, ""flowchart"": {""index"": {""target"": [], ""time"": []}, ""answer"": {""target"": [], ""time"": []}, ""correct"": {""target"": [], ""time"": []}, ""answer_stats"": {""total"": [], ""correct"": []}}, ""quiz_selection"": {""gt"": [], ""answer"": [], ""tp"": [], ""fp"": [], ""tn"": [], ""fn"": [], ""num_tp"": 0, ""num_fp"": 0, ""num_tn"": 0, ""num_fn"": 0}, ""mouseover"": {""state"": {""target"": [], ""time"": []}, ""edge"": {""target"": [], ""time"": []}}, ""mouseout"": {""state"": {""target"": [], ""time"": []}, ""edge"": {""target"": [], ""time"": []}}}, ""trialTime"": 28644, ""trial_type"": ""mouselab-mdp"", ""trial_index"": 9, ""time_elapsed"": 214709, ""internal_node_id"": ""0.0-4.0-1.0-1.0""}, {""stateRewards"": ["""", -5, 10, 10, -5, 10, -10, 10, 10, -10, 10, -5, 5], ""trial_id"": 23, ""block"": ""testing"", ""trialIndex"": 3, ""score"": -4, ""expectedScore"": 0, ""expectedRewards"": 0, ""simulationMode"": [], ""rewards"": [], ""path"": [""0""], ""rt"": [], ""delays"": [], ""actions"": [], ""actionTimes"": [], ""queries"": {""preselect"": {""state"": {""target"": [], ""time"": []}, ""clickable"": {""target"": [], ""time"": []}}, ""click"": {""state"": {""target"": [""1"", ""5"", ""7"", ""8""], ""time"": [9977, 12267, 18825, 19989]}, ""edge"": {""target"": [], ""time"": []}, ""clickable"": {""target"": [true, true, true, true], ""time"": [9977, 12268, 18826, 19990]}}, ""flowchart"": {""index"": {""target"": [], ""time"": []}, ""answer"": {""target"": [], ""time"": []}, ""correct"": {""target"": [], ""time"": []}, ""answer_stats"": {""total"": [], ""correct"": []}}, ""quiz_selection"": {""gt"": [], ""answer"": [], ""tp"": [], ""fp"": [], ""tn"": [], ""fn"": [], ""num_tp"": 0, ""num_fp"": 0, ""num_tn"": 0, ""num_fn"": 0}, ""mouseover"": {""state"": {""target"": [], ""time"": []}, ""edge"": {""target"": [], ""time"": []}}, ""mouseout"": {""state"": {""target"": [], ""time"": []}, ""edge"": {""target"": [], ""time"": []}}}, ""trialTime"": 27647, ""trial_type"": ""mouselab-mdp"", ""trial_index"": 10, ""time_elapsed"": 243557, ""internal_node_id"": ""0.0-4.0-1.0-2.0""}, {""stateRewards"": ["""", 5, -10, -5, -10, 5, -10, -5, -10, 5, -10, -5, -5], ""trial_id"": 58, ""block"": ""testing"", ""trialIndex"": 4, ""score"": -6, ""expectedScore"": 0, ""expectedRewards"": 0, ""simulationMode"": [], ""rewards"": [], ""path"": [""0""], ""rt"": [], ""delays"": [], ""actions"": [], ""actionTimes"": [], ""queries"": {""preselect"": {""state"": {""target"": [], ""time"": []}, ""clickable"": {""target"": [], ""time"": []}}, ""click"": {""state"": {""target"": [""1"", ""2"", ""5"", ""6"", ""9"", ""10""], ""time"": [9633, 12800, 15482, 17861, 20104, 21585]}, ""edge"": {""target"": [], ""time"": []}, ""clickable"": {""target"": [true, true, true, true, true, true], ""time"": [9633, 12800, 15483, 17862, 20104, 21585]}}, ""flowchart"": {""index"": {""target"": [], ""time"": []}, ""answer"": {""target"": [], ""time"": []}, ""correct"": {""target"": [], ""time"": []}, ""answer_stats"": {""total"": [], ""correct"": []}}, ""quiz_selection"": {""gt"": [], ""answer"": [], ""tp"": [], ""fp"": [], ""tn"": [], ""fn"": [], ""num_tp"": 0, ""num_fp"": 0, ""num_tn"": 0, ""num_fn"": 0}, ""mouseover"": {""state"": {""target"": [], ""time"": []}, ""edge"": {""target"": [], ""time"": []}}, ""mouseout"": {""state"": {""target"": [], ""time"": []}, ""edge"": {""target"": [], ""time"": []}}}, ""trialTime"": 36933, ""trial_type"": ""mouselab-mdp"", ""trial_index"": 11, ""time_elapsed"": 281688, ""internal_node_id"": ""0.0-4.0-1.0-3.0""}, {""stateRewards"": ["""", 10, -10, 10, 5, 5, -10, -10, 10, -10, -5, 5, 10], ""trial_id"": 38, ""block"": ""testing"", ""trialIndex"": 5, ""score"": -3, ""expectedScore"": 0, ""expectedRewards"": 0, ""simulationMode"": [], ""rewards"": [], ""path"": [""0""], ""rt"": [], ""delays"": [], ""actions"": [], ""actionTimes"": [], ""queries"": {""preselect"": {""state"": {""target"": [], ""time"": []}, ""clickable"": {""target"": [], ""time"": []}}, ""click"": {""state"": {""target"": [""1"", ""3"", ""4""], ""time"": [4408, 8374, 10812]}, ""edge"": {""target"": [], ""time"": []}, ""clickable"": {""target"": [true, true, true], ""time"": [4409, 8375, 10812]}}, ""flowchart"": {""index"": {""target"": [], ""time"": []}, ""answer"": {""target"": [], ""time"": []}, ""correct"": {""target"": [], ""time"": []}, ""answer_stats"": {""total"": [], ""correct"": []}}, ""quiz_selection"": {""gt"": [], ""answer"": [], ""tp"": [], ""fp"": [], ""tn"": [], ""fn"": [], ""num_tp"": 0, ""num_fp"": 0, ""num_tn"": 0, ""num_fn"": 0}, ""mouseover"": {""state"": {""target"": [], ""time"": []}, ""edge"": {""target"": [], ""time"": []}}, ""mouseout"": {""state"": {""target"": [], ""time"": []}, ""edge"": {""target"": [], ""time"": []}}}, ""trialTime"": 18757, ""trial_type"": ""mouselab-mdp"", ""trial_index"": 12, ""time_elapsed"": 301647, ""internal_node_id"": ""0.0-4.0-1.0-4.0""}, {""stateRewards"": ["""", 10, -10, 10, -5, 10, 5, 5, -5, 10, -5, -10, -10], ""trial_id"": 0, ""block"": ""testing"", ""trialIndex"": 6, ""score"": -3, ""expectedScore"": 0, ""expectedRewards"": 0, ""simulationMode"": [], ""rewards"": [], ""path"": [""0""], ""rt"": [], ""delays"": [], ""actions"": [], ""actionTimes"": [], ""queries"": {""preselect"": {""state"": {""target"": [], ""time"": []}, ""clickable"": {""target"": [], ""time"": []}}, ""click"": {""state"": {""target"": [""1"", ""3"", ""4""], ""time"": [3024, 5467, 6343]}, ""edge"": {""target"": [], ""time"": []}, ""clickable"": {""target"": [true, true, true], ""time"": [3024, 5468, 6343]}}, ""flowchart"": {""index"": {""target"": [], ""time"": []}, ""answer"": {""target"": [], ""time"": []}, ""correct"": {""target"": [], ""time"": []}, ""answer_stats"": {""total"": [], ""correct"": []}}, ""quiz_selection"": {""gt"": [], ""answer"": [], ""tp"": [], ""fp"": [], ""tn"": [], ""fn"": [], ""num_tp"": 0, ""num_fp"": 0, ""num_tn"": 0, ""num_fn"": 0}, ""mouseover"": {""state"": {""target"": [], ""time"": []}, ""edge"": {""target"": [], ""time"": []}}, ""mouseout"": {""state"": {""target"": [], ""time"": []}, ""edge"": {""target"": [], ""time"": []}}}, ""trialTime"": 14024, ""trial_type"": ""mouselab-mdp"", ""trial_index"": 13, ""time_elapsed"": 316863, ""internal_node_id"": ""0.0-4.0-1.0-5.0""}, {""stateRewards"": ["""", 10, -5, 5, -5, 10, 5, 10, 5, -10, -10, 5, -10], ""trial_id"": 11, ""block"": ""testing"", ""trialIndex"": 7, ""score"": -3, ""expectedScore"": 0, ""expectedRewards"": 0, ""simulationMode"": [], ""rewards"": [], ""path"": [""0""], ""rt"": [], ""delays"": [], ""actions"": [], ""actionTimes"": [], ""queries"": {""preselect"": {""state"": {""target"": [], ""time"": []}, ""clickable"": {""target"": [], ""time"": []}}, ""click"": {""state"": {""target"": [""1"", ""3"", ""4""], ""time"": [2462, 4583, 5170]}, ""edge"": {""target"": [], ""time"": []}, ""clickable"": {""target"": [true, true, true], ""time"": [2463, 4584, 5171]}}, ""flowchart"": {""index"": {""target"": [], ""time"": []}, ""answer"": {""target"": [], ""time"": []}, ""correct"": {""target"": [], ""time"": []}, ""answer_stats"": {""total"": [], ""correct"": []}}, ""quiz_selection"": {""gt"": [], ""answer"": [], ""tp"": [], ""fp"": [], ""tn"": [], ""fn"": [], ""num_tp"": 0, ""num_fp"": 0, ""num_tn"": 0, ""num_fn"": 0}, ""mouseover"": {""state"": {""target"": [], ""time"": []}, ""edge"": {""target"": [], ""time"": []}}, ""mouseout"": {""state"": {""target"": [], ""time"": []}, ""edge"": {""target"": [], ""time"": []}}}, ""trialTime"": 14597, ""trial_type"": ""mouselab-mdp"", ""trial_index"": 14, ""time_elapsed"": 332668, ""internal_node_id"": ""0.0-4.0-1.0-6.0""}, {""stateRewards"": ["""", 5, -5, -5, 5, 5, 10, 10, 5, 10, -10, 10, 5], ""trial_id"": 25, ""block"": ""testing"", ""trialIndex"": 8, ""score"": -6, ""expectedScore"": 0, ""expectedRewards"": 0, ""simulationMode"": [], ""rewards"": [], ""path"": [""0""], ""rt"": [], ""delays"": [], ""actions"": [], ""actionTimes"": [], ""queries"": {""preselect"": {""state"": {""target"": [], ""time"": []}, ""clickable"": {""target"": [], ""time"": []}}, ""click"": {""state"": {""target"": [""1"", ""2"", ""5"", ""6"", ""7"", ""8""], ""time"": [1790, 4266, 6004, 7614, 9925, 10690]}, ""edge"": {""target"": [], ""time"": []}, ""clickable"": {""target"": [true, true, true, true, true, true], ""time"": [1791, 4266, 6005, 7616, 9925, 10692]}}, ""flowchart"": {""index"": {""target"": [], ""time"": []}, ""answer"": {""target"": [], ""time"": []}, ""correct"": {""target"": [], ""time"": []}, ""answer_stats"": {""total"": [], ""correct"": []}}, ""quiz_selection"": {""gt"": [], ""answer"": [], ""tp"": [], ""fp"": [], ""tn"": [], ""fn"": [], ""num_tp"": 0, ""num_fp"": 0, ""num_tn"": 0, ""num_fn"": 0}, ""mouseover"": {""state"": {""target"": [], ""time"": []}, ""edge"": {""target"": [], ""time"": []}}, ""mouseout"": {""state"": {""target"": [], ""time"": []}, ""edge"": {""target"": [], ""time"": []}}}, ""trialTime"": 17533, ""trial_type"": ""mouselab-mdp"", ""trial_index"": 15, ""time_elapsed"": 351425, ""internal_node_id"": ""0.0-4.0-1.0-7.0""}, {""stateRewards"": ["""", -5, 10, 10, 5, 5, -5, 5, -10, 5, -5, -5, -5], ""trial_id"": 30, ""block"": ""testing"", ""trialIndex"": 9, ""score"": -5, ""expectedScore"": 0, ""expectedRewards"": 0, ""simulationMode"": [], ""rewards"": [], ""path"": [""0""], ""rt"": [], ""delays"": [], ""actions"": [], ""actionTimes"": [], ""queries"": {""preselect"": {""state"": {""target"": [], ""time"": []}, ""clickable"": {""target"": [], ""time"": []}}, ""click"": {""state"": {""target"": [""1"", ""5"", ""6"", ""9"", ""10""], ""time"": [3248, 6502, 8017, 9960, 11167]}, ""edge"": {""target"": [], ""time"": []}, ""clickable"": {""target"": [true, true, true, true, true], ""time"": [3249, 6503, 8017, 9960, 11168]}}, ""flowchart"": {""index"": {""target"": [], ""time"": []}, ""answer"": {""target"": [], ""time"": []}, ""correct"": {""target"": [], ""time"": []}, ""answer_stats"": {""total"": [], ""correct"": []}}, ""quiz_selection"": {""gt"": [], ""answer"": [], ""tp"": [], ""fp"": [], ""tn"": [], ""fn"": [], ""num_tp"": 0, ""num_fp"": 0, ""num_tn"": 0, ""num_fn"": 0}, ""mouseover"": {""state"": {""target"": [], ""time"": []}, ""edge"": {""target"": [], ""time"": []}}, ""mouseout"": {""state"": {""target"": [], ""time"": []}, ""edge"": {""target"": [], ""time"": []}}}, ""trialTime"": 18783, ""trial_type"": ""mouselab-mdp"", ""trial_index"": 16, ""time_elapsed"": 371411, ""internal_node_id"": ""0.0-4.0-1.0-8.0""}, {""stateRewards"": ["""", -5, 10, -10, -10, 5, 5, -5, 5, 10, 5, -5, -5], ""trial_id"": 55, ""block"": ""testing"", ""trialIndex"": 10, ""score"": -3, ""expectedScore"": 0, ""expectedRewards"": 0, ""simulationMode"": [null], ""rewards"": [], ""path"": [""0""], ""rt"": [65634], ""delays"": [], ""actions"": [""left""], ""actionTimes"": [65649], ""queries"": {""preselect"": {""state"": {""target"": [], ""time"": []}, ""clickable"": {""target"": [], ""time"": []}}, ""click"": {""state"": {""target"": [""1"", ""5"", ""6""], ""time"": [2115, 3364, 4449]}, ""edge"": {""target"": [], ""time"": []}, ""clickable"": {""target"": [true, true, true], ""time"": [2115, 3364, 4449]}}, ""flowchart"": {""index"": {""target"": [], ""time"": []}, ""answer"": {""target"": [], ""time"": []}, ""correct"": {""target"": [], ""time"": []}, ""answer_stats"": {""total"": [], ""correct"": []}}, ""quiz_selection"": {""gt"": [], ""answer"": [], ""tp"": [], ""fp"": [], ""tn"": [], ""fn"": [], ""num_tp"": 0, ""num_fp"": 0, ""num_tn"": 0, ""num_fn"": 0}, ""mouseover"": {""state"": {""target"": [], ""time"": []}, ""edge"": {""target"": [], ""time"": []}}, ""mouseout"": {""state"": {""target"": [], ""time"": []}, ""edge"": {""target"": [], ""time"": []}}}, ""trialTime"": 13921, ""trial_type"": ""mouselab-mdp"", ""trial_index"": 17, ""time_elapsed"": 386532, ""internal_node_id"": ""0.0-4.0-1.0-9.0""}]"
26,1,instructions1,3,11.3,1,1,62,female,0,"[{""stateRewards"": ["""", -10, 5, 5, -5, -5, 5, 10, -10, -5, -5, -10, 10], ""trial_id"": 53, ""block"": ""testing"", ""trialIndex"": 1, ""score"": -4, ""expectedScore"": 0, ""expectedRewards"": 0, ""simulationMode"": [], ""rewards"": [], ""path"": [""0""], ""rt"": [], ""delays"": [], ""actions"": [], ""actionTimes"": [], ""queries"": {""preselect"": {""state"": {""target"": [], ""time"": []}, ""clickable"": {""target"": [], ""time"": []}}, ""click"": {""state"": {""target"": [""9"", ""5"", ""1"", ""6""], ""time"": [13700, 15426, 17472, 20365]}, ""edge"": {""target"": [], ""time"": []}, ""clickable"": {""target"": [true, true, true, true], ""time"": [13703, 15432, 17478, 20369]}}, ""flowchart"": {""index"": {""target"": [], ""time"": []}, ""answer"": {""target"": [], ""time"": []}, ""correct"": {""target"": [], ""time"": []}, ""answer_stats"": {""total"": [], ""correct"": []}}, ""quiz_selection"": {""gt"": [], ""answer"": [], ""tp"": [], ""fp"": [], ""tn"": [], ""fn"": [], ""num_tp"": 0, ""num_fp"": 0, ""num_tn"": 0, ""num_fn"": 0}, ""mouseover"": {""state"": {""target"": [], ""time"": []}, ""edge"": {""target"": [], ""time"": []}}, ""mouseout"": {""state"": {""target"": [], ""time"": []}, ""edge"": {""target"": [], ""time"": []}}}, ""trialTime"": 61982, ""trial_type"": ""mouselab-mdp"", ""trial_index"": 8, ""time_elapsed"": 377446, ""internal_node_id"": ""0.0-4.0-1.0-0.0""}, {""stateRewards"": ["""", -5, -10, -5, -10, -10, -5, 10, -5, -10, 5, 10, -5], ""trial_id"": 57, ""block"": ""testing"", ""trialIndex"": 2, ""score"": -2, ""expectedScore"": 0, ""expectedRewards"": 0, ""simulationMode"": [], ""rewards"": [], ""path"": [""0""], ""rt"": [], ""delays"": [], ""actions"": [], ""actionTimes"": [], ""queries"": {""preselect"": {""state"": {""target"": [], ""time"": []}, ""clickable"": {""target"": [], ""time"": []}}, ""click"": {""state"": {""target"": [""1"", ""5""], ""time"": [7243, 8698]}, ""edge"": {""target"": [], ""time"": []}, ""clickable"": {""target"": [true, true], ""time"": [7247, 8704]}}, ""flowchart"": {""index"": {""target"": [], ""time"": []}, ""answer"": {""target"": [], ""time"": []}, ""correct"": {""target"": [], ""time"": []}, ""answer_stats"": {""total"": [], ""correct"": []}}, ""quiz_selection"": {""gt"": [], ""answer"": [], ""tp"": [], ""fp"": [], ""tn"": [], ""fn"": [], ""num_tp"": 0, ""num_fp"": 0, ""num_tn"": 0, ""num_fn"": 0}, ""mouseover"": {""state"": {""target"": [], ""time"": []}, ""edge"": {""target"": [], ""time"": []}}, ""mouseout"": {""state"": {""target"": [], ""time"": []}, ""edge"": {""target"": [], ""time"": []}}}, ""trialTime"": 21726, ""trial_type"": ""mouselab-mdp"", ""trial_index"": 9, ""time_elapsed"": 401260, ""internal_node_id"": ""0.0-4.0-1.0-1.0""}, {""stateRewards"": ["""", 5, -10, -5, -10, 5, -10, -5, -10, 5, -10, -5, -5], ""trial_id"": 58, ""block"": ""testing"", ""trialIndex"": 3, ""score"": -2, ""expectedScore"": 0, ""expectedRewards"": 0, ""simulationMode"": [], ""rewards"": [], ""path"": [""0""], ""rt"": [], ""delays"": [], ""actions"": [], ""actionTimes"": [], ""queries"": {""preselect"": {""state"": {""target"": [], ""time"": []}, ""clickable"": {""target"": [], ""time"": []}}, ""click"": {""state"": {""target"": [""1"", ""2""], ""time"": [4904, 8617]}, ""edge"": {""target"": [], ""time"": []}, ""clickable"": {""target"": [true, true], ""time"": [4908, 8624]}}, ""flowchart"": {""index"": {""target"": [], ""time"": []}, ""answer"": {""target"": [], ""time"": []}, ""correct"": {""target"": [], ""time"": []}, ""answer_stats"": {""total"": [], ""correct"": []}}, ""quiz_selection"": {""gt"": [], ""answer"": [], ""tp"": [], ""fp"": [], ""tn"": [], ""fn"": [], ""num_tp"": 0, ""num_fp"": 0, ""num_tn"": 0, ""num_fn"": 0}, ""mouseover"": {""state"": {""target"": [], ""time"": []}, ""edge"": {""target"": [], ""time"": []}}, ""mouseout"": {""state"": {""target"": [], ""time"": []}, ""edge"": {""target"": [], ""time"": []}}}, ""trialTime"": 25044, ""trial_type"": ""mouselab-mdp"", ""trial_index"": 10, ""time_elapsed"": 428050, ""internal_node_id"": ""0.0-4.0-1.0-2.0""}, {""stateRewards"": ["""", -5, 10, 10, 5, 5, -5, 5, -10, 5, -5, -5, -5], ""trial_id"": 30, ""block"": ""testing"", ""trialIndex"": 4, ""score"": -5, ""expectedScore"": 0, ""expectedRewards"": 0, ""simulationMode"": [], ""rewards"": [], ""path"": [""0""], ""rt"": [], ""delays"": [], ""actions"": [], ""actionTimes"": [], ""queries"": {""preselect"": {""state"": {""target"": [], ""time"": []}, ""clickable"": {""target"": [], ""time"": []}}, ""click"": {""state"": {""target"": [""9"", ""10"", ""5"", ""6"", ""1""], ""time"": [4177, 7092, 9356, 12002, 14399]}, ""edge"": {""target"": [], ""time"": []}, ""clickable"": {""target"": [true, true, true, true, true], ""time"": [4180, 7097, 9361, 12008, 14403]}}, ""flowchart"": {""index"": {""target"": [], ""time"": []}, ""answer"": {""target"": [], ""time"": []}, ""correct"": {""target"": [], ""time"": []}, ""answer_stats"": {""total"": [], ""correct"": []}}, ""quiz_selection"": {""gt"": [], ""answer"": [], ""tp"": [], ""fp"": [], ""tn"": [], ""fn"": [], ""num_tp"": 0, ""num_fp"": 0, ""num_tn"": 0, ""num_fn"": 0}, ""mouseover"": {""state"": {""target"": [], ""time"": []}, ""edge"": {""target"": [], ""time"": []}}, ""mouseout"": {""state"": {""target"": [], ""time"": []}, ""edge"": {""target"": [], ""time"": []}}}, ""trialTime"": 26351, ""trial_type"": ""mouselab-mdp"", ""trial_index"": 11, ""time_elapsed"": 456163, ""internal_node_id"": ""0.0-4.0-1.0-3.0""}, {""stateRewards"": ["""", -10, -10, 5, -10, -10, 5, -10, -10, -5, 10, 10, 5], ""trial_id"": 26, ""block"": ""testing"", ""trialIndex"": 5, ""score"": -1, ""expectedScore"": 0, ""expectedRewards"": 0, ""simulationMode"": [], ""rewards"": [], ""path"": [""0""], ""rt"": [], ""delays"": [], ""actions"": [], ""actionTimes"": [], ""queries"": {""preselect"": {""state"": {""target"": [], ""time"": []}, ""clickable"": {""target"": [], ""time"": []}}, ""click"": {""state"": {""target"": [""1""], ""time"": [3694]}, ""edge"": {""target"": [], ""time"": []}, ""clickable"": {""target"": [true], ""time"": [3699]}}, ""flowchart"": {""index"": {""target"": [], ""time"": []}, ""answer"": {""target"": [], ""time"": []}, ""correct"": {""target"": [], ""time"": []}, ""answer_stats"": {""total"": [], ""correct"": []}}, ""quiz_selection"": {""gt"": [], ""answer"": [], ""tp"": [], ""fp"": [], ""tn"": [], ""fn"": [], ""num_tp"": 0, ""num_fp"": 0, ""num_tn"": 0, ""num_fn"": 0}, ""mouseover"": {""state"": {""target"": [], ""time"": []}, ""edge"": {""target"": [], ""time"": []}}, ""mouseout"": {""state"": {""target"": [], ""time"": []}, ""edge"": {""target"": [], ""time"": []}}}, ""trialTime"": 15041, ""trial_type"": ""mouselab-mdp"", ""trial_index"": 12, ""time_elapsed"": 473237, ""internal_node_id"": ""0.0-4.0-1.0-4.0""}, {""stateRewards"": ["""", -5, -10, 5, 10, 5, -10, -5, 10, 10, -5, 10, 5], ""trial_id"": 52, ""block"": ""testing"", ""trialIndex"": 6, ""score"": -2, ""expectedScore"": 0, ""expectedRewards"": 0, ""simulationMode"": [], ""rewards"": [], ""path"": [""0""], ""rt"": [], ""delays"": [], ""actions"": [], ""actionTimes"": [], ""queries"": {""preselect"": {""state"": {""target"": [], ""time"": []}, ""clickable"": {""target"": [], ""time"": []}}, ""click"": {""state"": {""target"": [""5"", ""6""], ""time"": [3231, 5854]}, ""edge"": {""target"": [], ""time"": []}, ""clickable"": {""target"": [true, true], ""time"": [3237, 5860]}}, ""flowchart"": {""index"": {""target"": [], ""time"": []}, ""answer"": {""target"": [], ""time"": []}, ""correct"": {""target"": [], ""time"": []}, ""answer_stats"": {""total"": [], ""correct"": []}}, ""quiz_selection"": {""gt"": [], ""answer"": [], ""tp"": [], ""fp"": [], ""tn"": [], ""fn"": [], ""num_tp"": 0, ""num_fp"": 0, ""num_tn"": 0, ""num_fn"": 0}, ""mouseover"": {""state"": {""target"": [], ""time"": []}, ""edge"": {""target"": [], ""time"": []}}, ""mouseout"": {""state"": {""target"": [], ""time"": []}, ""edge"": {""target"": [], ""time"": []}}}, ""trialTime"": 14503, ""trial_type"": ""mouselab-mdp"", ""trial_index"": 13, ""time_elapsed"": 489503, ""internal_node_id"": ""0.0-4.0-1.0-5.0""}, {""stateRewards"": ["""", 5, -5, -10, -10, 10, 5, 5, -10, -10, -5, 10, 5], ""trial_id"": 17, ""block"": ""testing"", ""trialIndex"": 7, ""score"": -5, ""expectedScore"": 0, ""expectedRewards"": 0, ""simulationMode"": [], ""rewards"": [], ""path"": [""0""], ""rt"": [], ""delays"": [], ""actions"": [], ""actionTimes"": [], ""queries"": {""preselect"": {""state"": {""target"": [], ""time"": []}, ""clickable"": {""target"": [], ""time"": []}}, ""click"": {""state"": {""target"": [""1"", ""2"", ""5"", ""8"", ""7""], ""time"": [1985, 5014, 7775, 14935, 17509]}, ""edge"": {""target"": [], ""time"": []}, ""clickable"": {""target"": [true, true, true, true, true], ""time"": [1989, 5020, 7781, 14938, 17515]}}, ""flowchart"": {""index"": {""target"": [], ""time"": []}, ""answer"": {""target"": [], ""time"": []}, ""correct"": {""target"": [], ""time"": []}, ""answer_stats"": {""total"": [], ""correct"": []}}, ""quiz_selection"": {""gt"": [], ""answer"": [], ""tp"": [], ""fp"": [], ""tn"": [], ""fn"": [], ""num_tp"": 0, ""num_fp"": 0, ""num_tn"": 0, ""num_fn"": 0}, ""mouseover"": {""state"": {""target"": [], ""time"": []}, ""edge"": {""target"": [], ""time"": []}}, ""mouseout"": {""state"": {""target"": [], ""time"": []}, ""edge"": {""target"": [], ""time"": []}}}, ""trialTime"": 23305, ""trial_type"": ""mouselab-mdp"", ""trial_index"": 14, ""time_elapsed"": 514587, ""internal_node_id"": ""0.0-4.0-1.0-6.0""}, {""stateRewards"": ["""", 10, 10, -5, -5, 10, -5, 5, 10, -10, -5, 10, -5], ""trial_id"": 33, ""block"": ""testing"", ""trialIndex"": 8, ""score"": -5, ""expectedScore"": 0, ""expectedRewards"": 0, ""simulationMode"": [], ""rewards"": [], ""path"": [""0""], ""rt"": [], ""delays"": [], ""actions"": [], ""actionTimes"": [], ""queries"": {""preselect"": {""state"": {""target"": [], ""time"": []}, ""clickable"": {""target"": [], ""time"": []}}, ""click"": {""state"": {""target"": [""9"", ""5"", ""6"", ""7"", ""8""], ""time"": [2123, 8464, 14219, 18610, 20208]}, ""edge"": {""target"": [], ""time"": []}, ""clickable"": {""target"": [true, true, false, true, true], ""time"": [2129, 8469, 14224, 18613, 20214]}}, ""flowchart"": {""index"": {""target"": [], ""time"": []}, ""answer"": {""target"": [], ""time"": []}, ""correct"": {""target"": [], ""time"": []}, ""answer_stats"": {""total"": [], ""correct"": []}}, ""quiz_selection"": {""gt"": [], ""answer"": [], ""tp"": [], ""fp"": [], ""tn"": [], ""fn"": [], ""num_tp"": 0, ""num_fp"": 0, ""num_tn"": 0, ""num_fn"": 0}, ""mouseover"": {""state"": {""target"": [], ""time"": []}, ""edge"": {""target"": [], ""time"": []}}, ""mouseout"": {""state"": {""target"": [], ""time"": []}, ""edge"": {""target"": [], ""time"": []}}}, ""trialTime"": 25247, ""trial_type"": ""mouselab-mdp"", ""trial_index"": 15, ""time_elapsed"": 541619, ""internal_node_id"": ""0.0-4.0-1.0-7.0""}, {""stateRewards"": ["""", -10, -10, -10, -5, 10, 5, -10, 10, 10, -5, -5, 5], ""trial_id"": 20, ""block"": ""testing"", ""trialIndex"": 9, ""score"": -4, ""expectedScore"": 0, ""expectedRewards"": 0, ""simulationMode"": [], ""rewards"": [], ""path"": [""0""], ""rt"": [], ""delays"": [], ""actions"": [], ""actionTimes"": [], ""queries"": {""preselect"": {""state"": {""target"": [], ""time"": []}, ""clickable"": {""target"": [], ""time"": []}}, ""click"": {""state"": {""target"": [""9"", ""10"", ""12"", ""11""], ""time"": [1890, 14889, 19117, 20148]}, ""edge"": {""target"": [], ""time"": []}, ""clickable"": {""target"": [true, false, true, true], ""time"": [1896, 14896, 19122, 20151]}}, ""flowchart"": {""index"": {""target"": [], ""time"": []}, ""answer"": {""target"": [], ""time"": []}, ""correct"": {""target"": [], ""time"": []}, ""answer_stats"": {""total"": [], ""correct"": []}}, ""quiz_selection"": {""gt"": [], ""answer"": [], ""tp"": [], ""fp"": [], ""tn"": [], ""fn"": [], ""num_tp"": 0, ""num_fp"": 0, ""num_tn"": 0, ""num_fn"": 0}, ""mouseover"": {""state"": {""target"": [], ""time"": []}, ""edge"": {""target"": [], ""time"": []}}, ""mouseout"": {""state"": {""target"": [], ""time"": []}, ""edge"": {""target"": [], ""time"": []}}}, ""trialTime"": 25449, ""trial_type"": ""mouselab-mdp"", ""trial_index"": 16, ""time_elapsed"": 569132, ""internal_node_id"": ""0.0-4.0-1.0-8.0""}, {""stateRewards"": ["""", -5, 10, 10, -5, 10, -10, 10, 10, -10, 10, -5, 5], ""trial_id"": 23, ""block"": ""testing"", ""trialIndex"": 10, ""score"": -4, ""expectedScore"": 0, ""expectedRewards"": 0, ""simulationMode"": [], ""rewards"": [], ""path"": [""0""], ""rt"": [], ""delays"": [], ""actions"": [], ""actionTimes"": [], ""queries"": {""preselect"": {""state"": {""target"": [], ""time"": []}, ""clickable"": {""target"": [], ""time"": []}}, ""click"": {""state"": {""target"": [""1"", ""5"", ""8"", ""7""], ""time"": [2868, 4723, 14665, 15902]}, ""edge"": {""target"": [], ""time"": []}, ""clickable"": {""target"": [true, true, true, true], ""time"": [2871, 4730, 14670, 15907]}}, ""flowchart"": {""index"": {""target"": [], ""time"": []}, ""answer"": {""target"": [], ""time"": []}, ""correct"": {""target"": [], ""time"": []}, ""answer_stats"": {""total"": [], ""correct"": []}}, ""quiz_selection"": {""gt"": [], ""answer"": [], ""tp"": [], ""fp"": [], ""tn"": [], ""fn"": [], ""num_tp"": 0, ""num_fp"": 0, ""num_tn"": 0, ""num_fn"": 0}, ""mouseover"": {""state"": {""target"": [], ""time"": []}, ""edge"": {""target"": [], ""time"": []}}, ""mouseout"": {""state"": {""target"": [], ""time"": []}, ""edge"": {""target"": [], ""time"": []}}}, ""trialTime"": 20714, ""trial_type"": ""mouselab-mdp"", ""trial_index"": 17, ""time_elapsed"": 591631, ""internal_node_id"": ""0.0-4.0-1.0-9.0""}]"
27,1,instructions1,4,5.6,2,3,19,Male,0,"[{""stateRewards"": ["""", 5, -5, 5, -10, 5, -5, 10, -5, -10, -10, -5, -10], ""trial_id"": 35, ""block"": ""testing"", ""trialIndex"": 1, ""score"": -6, ""expectedScore"": 0, ""expectedRewards"": 0, ""simulationMode"": [], ""rewards"": [], ""path"": [""0""], ""rt"": [], ""delays"": [], ""actions"": [], ""actionTimes"": [], ""queries"": {""preselect"": {""state"": {""target"": [], ""time"": []}, ""clickable"": {""target"": [], ""time"": []}}, ""click"": {""state"": {""target"": [""9"", ""5"", ""6"", ""2"", ""10"", ""1""], ""time"": [8694, 10712, 11942, 13719, 27686, 28574]}, ""edge"": {""target"": [], ""time"": []}, ""clickable"": {""target"": [true, true, true, true, false, false], ""time"": [8694, 10712, 11943, 13720, 27686, 28574]}}, ""flowchart"": {""index"": {""target"": [], ""time"": []}, ""answer"": {""target"": [], ""time"": []}, ""correct"": {""target"": [], ""time"": []}, ""answer_stats"": {""total"": [], ""correct"": []}}, ""quiz_selection"": {""gt"": [], ""answer"": [], ""tp"": [], ""fp"": [], ""tn"": [], ""fn"": [], ""num_tp"": 0, ""num_fp"": 0, ""num_tn"": 0, ""num_fn"": 0}, ""mouseover"": {""state"": {""target"": [], ""time"": []}, ""edge"": {""target"": [], ""time"": []}}, ""mouseout"": {""state"": {""target"": [], ""time"": []}, ""edge"": {""target"": [], ""time"": []}}}, ""trialTime"": 34388, ""trial_type"": ""mouselab-mdp"", ""trial_index"": 14, ""time_elapsed"": 168974, ""internal_node_id"": ""0.0-4.0-1.0-0.0""}, {""stateRewards"": ["""", -5, -10, 10, 5, -5, -10, 10, 10, 10, -5, -10, -5], ""trial_id"": 27, ""block"": ""testing"", ""trialIndex"": 2, ""score"": -6, ""expectedScore"": 0, ""expectedRewards"": 0, ""simulationMode"": [], ""rewards"": [], ""path"": [""0""], ""rt"": [], ""delays"": [], ""actions"": [], ""actionTimes"": [], ""queries"": {""preselect"": {""state"": {""target"": [], ""time"": []}, ""clickable"": {""target"": [], ""time"": []}}, ""click"": {""state"": {""target"": [""2"", ""5"", ""10"", ""9"", ""11"", ""12""], ""time"": [3847, 4982, 5999, 7082, 10543, 13139]}, ""edge"": {""target"": [], ""time"": []}, ""clickable"": {""target"": [true, true, true, true, true, true], ""time"": [3848, 4983, 5999, 7083, 10544, 13140]}}, ""flowchart"": {""index"": {""target"": [], ""time"": []}, ""answer"": {""target"": [], ""time"": []}, ""correct"": {""target"": [], ""time"": []}, ""answer_stats"": {""total"": [], ""correct"": []}}, ""quiz_selection"": {""gt"": [], ""answer"": [], ""tp"": [], ""fp"": [], ""tn"": [], ""fn"": [], ""num_tp"": 0, ""num_fp"": 0, ""num_tn"": 0, ""num_fn"": 0}, ""mouseover"": {""state"": {""target"": [], ""time"": []}, ""edge"": {""target"": [], ""time"": []}}, ""mouseout"": {""state"": {""target"": [], ""time"": []}, ""edge"": {""target"": [], ""time"": []}}}, ""trialTime"": 17611, ""trial_type"": ""mouselab-mdp"", ""trial_index"": 15, ""time_elapsed"": 187776, ""internal_node_id"": ""0.0-4.0-1.0-1.0""}, {""stateRewards"": ["""", 10, 5, 5, -10, -10, 10, 5, 5, 10, -5, -10, -10], ""trial_id"": 14, ""block"": ""testing"", ""trialIndex"": 3, ""score"": -3, ""expectedScore"": 0, ""expectedRewards"": 0, ""simulationMode"": [], ""rewards"": [], ""path"": [""0""], ""rt"": [], ""delays"": [], ""actions"": [], ""actionTimes"": [], ""queries"": {""preselect"": {""state"": {""target"": [], ""time"": []}, ""clickable"": {""target"": [], ""time"": []}}, ""click"": {""state"": {""target"": [""6"", ""8"", ""7""], ""time"": [3021, 5235, 8418]}, ""edge"": {""target"": [], ""time"": []}, ""clickable"": {""target"": [true, true, true], ""time"": [3022, 5235, 8418]}}, ""flowchart"": {""index"": {""target"": [], ""time"": []}, ""answer"": {""target"": [], ""time"": []}, ""correct"": {""target"": [], ""time"": []}, ""answer_stats"": {""total"": [], ""correct"": []}}, ""quiz_selection"": {""gt"": [], ""answer"": [], ""tp"": [], ""fp"": [], ""tn"": [], ""fn"": [], ""num_tp"": 0, ""num_fp"": 0, ""num_tn"": 0, ""num_fn"": 0}, ""mouseover"": {""state"": {""target"": [], ""time"": []}, ""edge"": {""target"": [], ""time"": []}}, ""mouseout"": {""state"": {""target"": [], ""time"": []}, ""edge"": {""target"": [], ""time"": []}}}, ""trialTime"": 12002, ""trial_type"": ""mouselab-mdp"", ""trial_index"": 16, ""time_elapsed"": 200968, ""internal_node_id"": ""0.0-4.0-1.0-2.0""}, {""stateRewards"": ["""", 5, 5, 5, 10, -5, -5, 10, 10, -10, 10, 5, -10], ""trial_id"": 9, ""block"": ""testing"", ""trialIndex"": 4, ""score"": -3, ""expectedScore"": 0, ""expectedRewards"": 0, ""simulationMode"": [], ""rewards"": [], ""path"": [""0""], ""rt"": [], ""delays"": [], ""actions"": [], ""actionTimes"": [], ""queries"": {""preselect"": {""state"": {""target"": [], ""time"": []}, ""clickable"": {""target"": [], ""time"": []}}, ""click"": {""state"": {""target"": [""10"", ""11"", ""12""], ""time"": [1049, 2478, 4126]}, ""edge"": {""target"": [], ""time"": []}, ""clickable"": {""target"": [true, true, true], ""time"": [1049, 2479, 4127]}}, ""flowchart"": {""index"": {""target"": [], ""time"": []}, ""answer"": {""target"": [], ""time"": []}, ""correct"": {""target"": [], ""time"": []}, ""answer_stats"": {""total"": [], ""correct"": []}}, ""quiz_selection"": {""gt"": [], ""answer"": [], ""tp"": [], ""fp"": [], ""tn"": [], ""fn"": [], ""num_tp"": 0, ""num_fp"": 0, ""num_tn"": 0, ""num_fn"": 0}, ""mouseover"": {""state"": {""target"": [], ""time"": []}, ""edge"": {""target"": [], ""time"": []}}, ""mouseout"": {""state"": {""target"": [], ""time"": []}, ""edge"": {""target"": [], ""time"": []}}}, ""trialTime"": 12567, ""trial_type"": ""mouselab-mdp"", ""trial_index"": 17, ""time_elapsed"": 214725, ""internal_node_id"": ""0.0-4.0-1.0-3.0""}, {""stateRewards"": ["""", -10, -10, -10, -5, 10, 5, -10, 10, 10, -5, -5, 5], ""trial_id"": 20, ""block"": ""testing"", ""trialIndex"": 5, ""score"": -4, ""expectedScore"": 0, ""expectedRewards"": 0, ""simulationMode"": [], ""rewards"": [], ""path"": [""0""], ""rt"": [], ""delays"": [], ""actions"": [], ""actionTimes"": [], ""queries"": {""preselect"": {""state"": {""target"": [], ""time"": []}, ""clickable"": {""target"": [], ""time"": []}}, ""click"": {""state"": {""target"": [""6"", ""5"", ""8"", ""7""], ""time"": [1582, 3019, 4033, 4851]}, ""edge"": {""target"": [], ""time"": []}, ""clickable"": {""target"": [true, true, true, true], ""time"": [1582, 3019, 4034, 4852]}}, ""flowchart"": {""index"": {""target"": [], ""time"": []}, ""answer"": {""target"": [], ""time"": []}, ""correct"": {""target"": [], ""time"": []}, ""answer_stats"": {""total"": [], ""correct"": []}}, ""quiz_selection"": {""gt"": [], ""answer"": [], ""tp"": [], ""fp"": [], ""tn"": [], ""fn"": [], ""num_tp"": 0, ""num_fp"": 0, ""num_tn"": 0, ""num_fn"": 0}, ""mouseover"": {""state"": {""target"": [], ""time"": []}, ""edge"": {""target"": [], ""time"": []}}, ""mouseout"": {""state"": {""target"": [], ""time"": []}, ""edge"": {""target"": [], ""time"": []}}}, ""trialTime"": 12132, ""trial_type"": ""mouselab-mdp"", ""trial_index"": 18, ""time_elapsed"": 228056, ""internal_node_id"": ""0.0-4.0-1.0-4.0""}, {""stateRewards"": ["""", -5, -5, 5, -10, 10, -5, -5, -10, -10, -5, 5, -5], ""trial_id"": 22, ""block"": ""testing"", ""trialIndex"": 6, ""score"": -4, ""expectedScore"": 0, ""expectedRewards"": 0, ""simulationMode"": [], ""rewards"": [], ""path"": [""0""], ""rt"": [], ""delays"": [], ""actions"": [], ""actionTimes"": [], ""queries"": {""preselect"": {""state"": {""target"": [], ""time"": []}, ""clickable"": {""target"": [], ""time"": []}}, ""click"": {""state"": {""target"": [""1"", ""5"", ""8"", ""7""], ""time"": [1649, 2642, 4326, 4915]}, ""edge"": {""target"": [], ""time"": []}, ""clickable"": {""target"": [true, true, true, true], ""time"": [1650, 2643, 4327, 4915]}}, ""flowchart"": {""index"": {""target"": [], ""time"": []}, ""answer"": {""target"": [], ""time"": []}, ""correct"": {""target"": [], ""time"": []}, ""answer_stats"": {""total"": [], ""correct"": []}}, ""quiz_selection"": {""gt"": [], ""answer"": [], ""tp"": [], ""fp"": [], ""tn"": [], ""fn"": [], ""num_tp"": 0, ""num_fp"": 0, ""num_tn"": 0, ""num_fn"": 0}, ""mouseover"": {""state"": {""target"": [], ""time"": []}, ""edge"": {""target"": [], ""time"": []}}, ""mouseout"": {""state"": {""target"": [], ""time"": []}, ""edge"": {""target"": [], ""time"": []}}}, ""trialTime"": 12137, ""trial_type"": ""mouselab-mdp"", ""trial_index"": 19, ""time_elapsed"": 241383, ""internal_node_id"": ""0.0-4.0-1.0-5.0""}, {""stateRewards"": ["""", -5, 10, -10, -10, 5, 5, -5, 5, 10, 5, -5, -5], ""trial_id"": 55, ""block"": ""testing"", ""trialIndex"": 7, ""score"": -2, ""expectedScore"": 0, ""expectedRewards"": 0, ""simulationMode"": [], ""rewards"": [], ""path"": [""0""], ""rt"": [], ""delays"": [], ""actions"": [], ""actionTimes"": [], ""queries"": {""preselect"": {""state"": {""target"": [], ""time"": []}, ""clickable"": {""target"": [], ""time"": []}}, ""click"": {""state"": {""target"": [""6"", ""5""], ""time"": [2066, 4528]}, ""edge"": {""target"": [], ""time"": []}, ""clickable"": {""target"": [true, true], ""time"": [2066, 4529]}}, ""flowchart"": {""index"": {""target"": [], ""time"": []}, ""answer"": {""target"": [], ""time"": []}, ""correct"": {""target"": [], ""time"": []}, ""answer_stats"": {""total"": [], ""correct"": []}}, ""quiz_selection"": {""gt"": [], ""answer"": [], ""tp"": [], ""fp"": [], ""tn"": [], ""fn"": [], ""num_tp"": 0, ""num_fp"": 0, ""num_tn"": 0, ""num_fn"": 0}, ""mouseover"": {""state"": {""target"": [], ""time"": []}, ""edge"": {""target"": [], ""time"": []}}, ""mouseout"": {""state"": {""target"": [], ""time"": []}, ""edge"": {""target"": [], ""time"": []}}}, ""trialTime"": 12462, ""trial_type"": ""mouselab-mdp"", ""trial_index"": 20, ""time_elapsed"": 255037, ""internal_node_id"": ""0.0-4.0-1.0-6.0""}, {""stateRewards"": ["""", -10, -10, 5, -10, -10, 5, -10, -10, -5, 10, 10, 5], ""trial_id"": 26, ""block"": ""testing"", ""trialIndex"": 8, ""score"": -7, ""expectedScore"": 0, ""expectedRewards"": 0, ""simulationMode"": [], ""rewards"": [], ""path"": [""0""], ""rt"": [], ""delays"": [], ""actions"": [], ""actionTimes"": [], ""queries"": {""preselect"": {""state"": {""target"": [], ""time"": []}, ""clickable"": {""target"": [], ""time"": []}}, ""click"": {""state"": {""target"": [""9"", ""6"", ""5"", ""1"", ""10"", ""11"", ""12""], ""time"": [1372, 2303, 3085, 4534, 5794, 6893, 7622]}, ""edge"": {""target"": [], ""time"": []}, ""clickable"": {""target"": [true, true, true, true, true, true, true], ""time"": [1372, 2304, 3086, 4534, 5795, 6894, 7622]}}, ""flowchart"": {""index"": {""target"": [], ""time"": []}, ""answer"": {""target"": [], ""time"": []}, ""correct"": {""target"": [], ""time"": []}, ""answer_stats"": {""total"": [], ""correct"": []}}, ""quiz_selection"": {""gt"": [], ""answer"": [], ""tp"": [], ""fp"": [], ""tn"": [], ""fn"": [], ""num_tp"": 0, ""num_fp"": 0, ""num_tn"": 0, ""num_fn"": 0}, ""mouseover"": {""state"": {""target"": [], ""time"": []}, ""edge"": {""target"": [], ""time"": []}}, ""mouseout"": {""state"": {""target"": [], ""time"": []}, ""edge"": {""target"": [], ""time"": []}}}, ""trialTime"": 12950, ""trial_type"": ""mouselab-mdp"", ""trial_index"": 21, ""time_elapsed"": 269179, ""internal_node_id"": ""0.0-4.0-1.0-7.0""}, {""stateRewards"": ["""", 10, 10, -5, -5, 10, -5, 5, 10, -10, -5, 10, -5], ""trial_id"": 33, ""block"": ""testing"", ""trialIndex"": 9, ""score"": -5, ""expectedScore"": 0, ""expectedRewards"": 0, ""simulationMode"": [], ""rewards"": [], ""path"": [""0""], ""rt"": [], ""delays"": [], ""actions"": [], ""actionTimes"": [], ""queries"": {""preselect"": {""state"": {""target"": [], ""time"": []}, ""clickable"": {""target"": [], ""time"": []}}, ""click"": {""state"": {""target"": [""9"", ""6"", ""1"", ""4"", ""3""], ""time"": [1124, 2422, 3234, 4395, 4878]}, ""edge"": {""target"": [], ""time"": []}, ""clickable"": {""target"": [true, true, true, true, true], ""time"": [1125, 2423, 3235, 4395, 4878]}}, ""flowchart"": {""index"": {""target"": [], ""time"": []}, ""answer"": {""target"": [], ""time"": []}, ""correct"": {""target"": [], ""time"": []}, ""answer_stats"": {""total"": [], ""correct"": []}}, ""quiz_selection"": {""gt"": [], ""answer"": [], ""tp"": [], ""fp"": [], ""tn"": [], ""fn"": [], ""num_tp"": 0, ""num_fp"": 0, ""num_tn"": 0, ""num_fn"": 0}, ""mouseover"": {""state"": {""target"": [], ""time"": []}, ""edge"": {""target"": [], ""time"": []}}, ""mouseout"": {""state"": {""target"": [], ""time"": []}, ""edge"": {""target"": [], ""time"": []}}}, ""trialTime"": 17581, ""trial_type"": ""mouselab-mdp"", ""trial_index"": 22, ""time_elapsed"": 287952, ""internal_node_id"": ""0.0-4.0-1.0-8.0""}, {""stateRewards"": ["""", -5, -10, -10, -5, -10, 10, 5, -5, 10, -5, 10, -10], ""trial_id"": 5, ""block"": ""testing"", ""trialIndex"": 10, ""score"": -3, ""expectedScore"": 0, ""expectedRewards"": 0, ""simulationMode"": [], ""rewards"": [], ""path"": [""0""], ""rt"": [], ""delays"": [], ""actions"": [], ""actionTimes"": [], ""queries"": {""preselect"": {""state"": {""target"": [], ""time"": []}, ""clickable"": {""target"": [], ""time"": []}}, ""click"": {""state"": {""target"": [""9"", ""12"", ""11""], ""time"": [868, 1998, 2495]}, ""edge"": {""target"": [], ""time"": []}, ""clickable"": {""target"": [true, true, true], ""time"": [868, 1998, 2495]}}, ""flowchart"": {""index"": {""target"": [], ""time"": []}, ""answer"": {""target"": [], ""time"": []}, ""correct"": {""target"": [], ""time"": []}, ""answer_stats"": {""total"": [], ""correct"": []}}, ""quiz_selection"": {""gt"": [], ""answer"": [], ""tp"": [], ""fp"": [], ""tn"": [], ""fn"": [], ""num_tp"": 0, ""num_fp"": 0, ""num_tn"": 0, ""num_fn"": 0}, ""mouseover"": {""state"": {""target"": [], ""time"": []}, ""edge"": {""target"": [], ""time"": []}}, ""mouseout"": {""state"": {""target"": [], ""time"": []}, ""edge"": {""target"": [], ""time"": []}}}, ""trialTime"": 12134, ""trial_type"": ""mouselab-mdp"", ""trial_index"": 23, ""time_elapsed"": 301279, ""internal_node_id"": ""0.0-4.0-1.0-9.0""}]"
28,1,instructions1,4,7.3,1,1,27,Male,0,"[{""stateRewards"": ["""", 5, -5, 5, 10, 10, -10, -5, -5, 5, -10, 5, 10], ""trial_id"": 1, ""block"": ""testing"", ""trialIndex"": 1, ""score"": -4, ""expectedScore"": 0, ""expectedRewards"": 0, ""simulationMode"": [], ""rewards"": [], ""path"": [""0""], ""rt"": [], ""delays"": [], ""actions"": [], ""actionTimes"": [], ""queries"": {""preselect"": {""state"": {""target"": [], ""time"": []}, ""clickable"": {""target"": [], ""time"": []}}, ""click"": {""state"": {""target"": [""5"", ""7"", ""8"", ""6""], ""time"": [7470, 11589, 12068, 12618]}, ""edge"": {""target"": [], ""time"": []}, ""clickable"": {""target"": [true, true, true, false], ""time"": [7470, 11589, 12068, 12618]}}, ""flowchart"": {""index"": {""target"": [], ""time"": []}, ""answer"": {""target"": [], ""time"": []}, ""correct"": {""target"": [], ""time"": []}, ""answer_stats"": {""total"": [], ""correct"": []}}, ""quiz_selection"": {""gt"": [], ""answer"": [], ""tp"": [], ""fp"": [], ""tn"": [], ""fn"": [], ""num_tp"": 0, ""num_fp"": 0, ""num_tn"": 0, ""num_fn"": 0}, ""mouseover"": {""state"": {""target"": [], ""time"": []}, ""edge"": {""target"": [], ""time"": []}}, ""mouseout"": {""state"": {""target"": [], ""time"": []}, ""edge"": {""target"": [], ""time"": []}}}, ""trialTime"": 18143, ""trial_type"": ""mouselab-mdp"", ""trial_index"": 8, ""time_elapsed"": 239451, ""internal_node_id"": ""0.0-4.0-1.0-0.0""}, {""stateRewards"": ["""", 10, 5, -5, 5, -10, -10, 10, 10, -10, 10, -10, 5], ""trial_id"": 29, ""block"": ""testing"", ""trialIndex"": 2, ""score"": -4, ""expectedScore"": 0, ""expectedRewards"": 0, ""simulationMode"": [], ""rewards"": [], ""path"": [""0""], ""rt"": [], ""delays"": [], ""actions"": [], ""actionTimes"": [], ""queries"": {""preselect"": {""state"": {""target"": [], ""time"": []}, ""clickable"": {""target"": [], ""time"": []}}, ""click"": {""state"": {""target"": [""2"", ""1"", ""3"", ""4""], ""time"": [5490, 7461, 10249, 10851]}, ""edge"": {""target"": [], ""time"": []}, ""clickable"": {""target"": [true, true, true, true], ""time"": [5490, 7461, 10249, 10851]}}, ""flowchart"": {""index"": {""target"": [], ""time"": []}, ""answer"": {""target"": [], ""time"": []}, ""correct"": {""target"": [], ""time"": []}, ""answer_stats"": {""total"": [], ""correct"": []}}, ""quiz_selection"": {""gt"": [], ""answer"": [], ""tp"": [], ""fp"": [], ""tn"": [], ""fn"": [], ""num_tp"": 0, ""num_fp"": 0, ""num_tn"": 0, ""num_fn"": 0}, ""mouseover"": {""state"": {""target"": [], ""time"": []}, ""edge"": {""target"": [], ""time"": []}}, ""mouseout"": {""state"": {""target"": [], ""time"": []}, ""edge"": {""target"": [], ""time"": []}}}, ""trialTime"": 15936, ""trial_type"": ""mouselab-mdp"", ""trial_index"": 9, ""time_elapsed"": 256614, ""internal_node_id"": ""0.0-4.0-1.0-1.0""}, {""stateRewards"": ["""", -5, -10, 5, 10, 5, -10, -10, 10, -10, 5, -5, -5], ""trial_id"": 3, ""block"": ""testing"", ""trialIndex"": 3, ""score"": -5, ""expectedScore"": 0, ""expectedRewards"": 0, ""simulationMode"": [], ""rewards"": [], ""path"": [""0""], ""rt"": [], ""delays"": [], ""actions"": [], ""actionTimes"": [], ""queries"": {""preselect"": {""state"": {""target"": [], ""time"": []}, ""clickable"": {""target"": [], ""time"": []}}, ""click"": {""state"": {""target"": [""6"", ""9"", ""2"", ""5"", ""1""], ""time"": [3991, 6216, 7436, 8753, 21612]}, ""edge"": {""target"": [], ""time"": []}, ""clickable"": {""target"": [true, true, true, true, false], ""time"": [3991, 6217, 7437, 8753, 21612]}}, ""flowchart"": {""index"": {""target"": [], ""time"": []}, ""answer"": {""target"": [], ""time"": []}, ""correct"": {""target"": [], ""time"": []}, ""answer_stats"": {""total"": [], ""correct"": []}}, ""quiz_selection"": {""gt"": [], ""answer"": [], ""tp"": [], ""fp"": [], ""tn"": [], ""fn"": [], ""num_tp"": 0, ""num_fp"": 0, ""num_tn"": 0, ""num_fn"": 0}, ""mouseover"": {""state"": {""target"": [], ""time"": []}, ""edge"": {""target"": [], ""time"": []}}, ""mouseout"": {""state"": {""target"": [], ""time"": []}, ""edge"": {""target"": [], ""time"": []}}}, ""trialTime"": 27256, ""trial_type"": ""mouselab-mdp"", ""trial_index"": 10, ""time_elapsed"": 285137, ""internal_node_id"": ""0.0-4.0-1.0-2.0""}, {""stateRewards"": ["""", 10, -10, 10, 5, 5, -10, -10, 10, -10, -5, 5, 10], ""trial_id"": 38, ""block"": ""testing"", ""trialIndex"": 4, ""score"": -3, ""expectedScore"": 0, ""expectedRewards"": 0, ""simulationMode"": [], ""rewards"": [], ""path"": [""0""], ""rt"": [], ""delays"": [], ""actions"": [], ""actionTimes"": [], ""queries"": {""preselect"": {""state"": {""target"": [], ""time"": []}, ""clickable"": {""target"": [], ""time"": []}}, ""click"": {""state"": {""target"": [""1"", ""3"", ""4""], ""time"": [4312, 9066, 10273]}, ""edge"": {""target"": [], ""time"": []}, ""clickable"": {""target"": [true, true, true], ""time"": [4312, 9066, 10274]}}, ""flowchart"": {""index"": {""target"": [], ""time"": []}, ""answer"": {""target"": [], ""time"": []}, ""correct"": {""target"": [], ""time"": []}, ""answer_stats"": {""total"": [], ""correct"": []}}, ""quiz_selection"": {""gt"": [], ""answer"": [], ""tp"": [], ""fp"": [], ""tn"": [], ""fn"": [], ""num_tp"": 0, ""num_fp"": 0, ""num_tn"": 0, ""num_fn"": 0}, ""mouseover"": {""state"": {""target"": [], ""time"": []}, ""edge"": {""target"": [], ""time"": []}}, ""mouseout"": {""state"": {""target"": [], ""time"": []}, ""edge"": {""target"": [], ""time"": []}}}, ""trialTime"": 16752, ""trial_type"": ""mouselab-mdp"", ""trial_index"": 11, ""time_elapsed"": 303126, ""internal_node_id"": ""0.0-4.0-1.0-3.0""}, {""stateRewards"": ["""", 10, -5, -10, 10, -10, 10, 5, -5, -5, -5, 10, -5], ""trial_id"": 31, ""block"": ""testing"", ""trialIndex"": 5, ""score"": -4, ""expectedScore"": 0, ""expectedRewards"": 0, ""simulationMode"": [], ""rewards"": [], ""path"": [""0""], ""rt"": [], ""delays"": [], ""actions"": [], ""actionTimes"": [], ""queries"": {""preselect"": {""state"": {""target"": [], ""time"": []}, ""clickable"": {""target"": [], ""time"": []}}, ""click"": {""state"": {""target"": [""5"", ""1"", ""3"", ""4""], ""time"": [12210, 13668, 16801, 17585]}, ""edge"": {""target"": [], ""time"": []}, ""clickable"": {""target"": [true, true, true, true], ""time"": [12210, 13669, 16802, 17586]}}, ""flowchart"": {""index"": {""target"": [], ""time"": []}, ""answer"": {""target"": [], ""time"": []}, ""correct"": {""target"": [], ""time"": []}, ""answer_stats"": {""total"": [], ""correct"": []}}, ""quiz_selection"": {""gt"": [], ""answer"": [], ""tp"": [], ""fp"": [], ""tn"": [], ""fn"": [], ""num_tp"": 0, ""num_fp"": 0, ""num_tn"": 0, ""num_fn"": 0}, ""mouseover"": {""state"": {""target"": [], ""time"": []}, ""edge"": {""target"": [], ""time"": []}}, ""mouseout"": {""state"": {""target"": [], ""time"": []}, ""edge"": {""target"": [], ""time"": []}}}, ""trialTime"": 22018, ""trial_type"": ""mouselab-mdp"", ""trial_index"": 12, ""time_elapsed"": 326364, ""internal_node_id"": ""0.0-4.0-1.0-4.0""}, {""stateRewards"": ["""", 5, -10, 5, -5, 10, 10, 10, 10, 10, -10, -10, 5], ""trial_id"": 46, ""block"": ""testing"", ""trialIndex"": 6, ""score"": -3, ""expectedScore"": 0, ""expectedRewards"": 0, ""simulationMode"": [], ""rewards"": [], ""path"": [""0""], ""rt"": [], ""delays"": [], ""actions"": [], ""actionTimes"": [], ""queries"": {""preselect"": {""state"": {""target"": [], ""time"": []}, ""clickable"": {""target"": [], ""time"": []}}, ""click"": {""state"": {""target"": [""9"", ""11"", ""12""], ""time"": [4193, 7053, 7539]}, ""edge"": {""target"": [], ""time"": []}, ""clickable"": {""target"": [true, true, true], ""time"": [4193, 7053, 7539]}}, ""flowchart"": {""index"": {""target"": [], ""time"": []}, ""answer"": {""target"": [], ""time"": []}, ""correct"": {""target"": [], ""time"": []}, ""answer_stats"": {""total"": [], ""correct"": []}}, ""quiz_selection"": {""gt"": [], ""answer"": [], ""tp"": [], ""fp"": [], ""tn"": [], ""fn"": [], ""num_tp"": 0, ""num_fp"": 0, ""num_tn"": 0, ""num_fn"": 0}, ""mouseover"": {""state"": {""target"": [], ""time"": []}, ""edge"": {""target"": [], ""time"": []}}, ""mouseout"": {""state"": {""target"": [], ""time"": []}, ""edge"": {""target"": [], ""time"": []}}}, ""trialTime"": 16957, ""trial_type"": ""mouselab-mdp"", ""trial_index"": 13, ""time_elapsed"": 344539, ""internal_node_id"": ""0.0-4.0-1.0-5.0""}, {""stateRewards"": ["""", 10, -5, 5, -5, 10, 5, 10, 5, -10, -10, 5, -10], ""trial_id"": 11, ""block"": ""testing"", ""trialIndex"": 7, ""score"": -4, ""expectedScore"": 0, ""expectedRewards"": 0, ""simulationMode"": [], ""rewards"": [], ""path"": [""0""], ""rt"": [], ""delays"": [], ""actions"": [], ""actionTimes"": [], ""queries"": {""preselect"": {""state"": {""target"": [], ""time"": []}, ""clickable"": {""target"": [], ""time"": []}}, ""click"": {""state"": {""target"": [""10"", ""5"", ""7"", ""8""], ""time"": [4274, 5192, 8368, 8779]}, ""edge"": {""target"": [], ""time"": []}, ""clickable"": {""target"": [true, true, true, true], ""time"": [4275, 5192, 8368, 8780]}}, ""flowchart"": {""index"": {""target"": [], ""time"": []}, ""answer"": {""target"": [], ""time"": []}, ""correct"": {""target"": [], ""time"": []}, ""answer_stats"": {""total"": [], ""correct"": []}}, ""quiz_selection"": {""gt"": [], ""answer"": [], ""tp"": [], ""fp"": [], ""tn"": [], ""fn"": [], ""num_tp"": 0, ""num_fp"": 0, ""num_tn"": 0, ""num_fn"": 0}, ""mouseover"": {""state"": {""target"": [], ""time"": []}, ""edge"": {""target"": [], ""time"": []}}, ""mouseout"": {""state"": {""target"": [], ""time"": []}, ""edge"": {""target"": [], ""time"": []}}}, ""trialTime"": 13970, ""trial_type"": ""mouselab-mdp"", ""trial_index"": 14, ""time_elapsed"": 359754, ""internal_node_id"": ""0.0-4.0-1.0-6.0""}, {""stateRewards"": ["""", -5, 10, 10, 5, 5, -5, 5, -10, 5, -5, -5, -5], ""trial_id"": 30, ""block"": ""testing"", ""trialIndex"": 8, ""score"": -5, ""expectedScore"": 0, ""expectedRewards"": 0, ""simulationMode"": [], ""rewards"": [], ""path"": [""0""], ""rt"": [], ""delays"": [], ""actions"": [], ""actionTimes"": [], ""queries"": {""preselect"": {""state"": {""target"": [], ""time"": []}, ""clickable"": {""target"": [], ""time"": []}}, ""click"": {""state"": {""target"": [""5"", ""6"", ""1"", ""9"", ""10""], ""time"": [2352, 4038, 5414, 6786, 7877]}, ""edge"": {""target"": [], ""time"": []}, ""clickable"": {""target"": [true, true, true, true, true], ""time"": [2352, 4039, 5414, 6787, 7877]}}, ""flowchart"": {""index"": {""target"": [], ""time"": []}, ""answer"": {""target"": [], ""time"": []}, ""correct"": {""target"": [], ""time"": []}, ""answer_stats"": {""total"": [], ""correct"": []}}, ""quiz_selection"": {""gt"": [], ""answer"": [], ""tp"": [], ""fp"": [], ""tn"": [], ""fn"": [], ""num_tp"": 0, ""num_fp"": 0, ""num_tn"": 0, ""num_fn"": 0}, ""mouseover"": {""state"": {""target"": [], ""time"": []}, ""edge"": {""target"": [], ""time"": []}}, ""mouseout"": {""state"": {""target"": [], ""time"": []}, ""edge"": {""target"": [], ""time"": []}}}, ""trialTime"": 16856, ""trial_type"": ""mouselab-mdp"", ""trial_index"": 15, ""time_elapsed"": 377804, ""internal_node_id"": ""0.0-4.0-1.0-7.0""}, {""stateRewards"": ["""", -5, -10, 10, -5, 10, -10, 10, 10, -5, 10, -5, -10], ""trial_id"": 40, ""block"": ""testing"", ""trialIndex"": 9, ""score"": -3, ""expectedScore"": 0, ""expectedRewards"": 0, ""simulationMode"": [], ""rewards"": [], ""path"": [""0""], ""rt"": [], ""delays"": [], ""actions"": [], ""actionTimes"": [], ""queries"": {""preselect"": {""state"": {""target"": [], ""time"": []}, ""clickable"": {""target"": [], ""time"": []}}, ""click"": {""state"": {""target"": [""5"", ""7"", ""8""], ""time"": [1903, 3857, 4632]}, ""edge"": {""target"": [], ""time"": []}, ""clickable"": {""target"": [true, true, true], ""time"": [1903, 3857, 4633]}}, ""flowchart"": {""index"": {""target"": [], ""time"": []}, ""answer"": {""target"": [], ""time"": []}, ""correct"": {""target"": [], ""time"": []}, ""answer_stats"": {""total"": [], ""correct"": []}}, ""quiz_selection"": {""gt"": [], ""answer"": [], ""tp"": [], ""fp"": [], ""tn"": [], ""fn"": [], ""num_tp"": 0, ""num_fp"": 0, ""num_tn"": 0, ""num_fn"": 0}, ""mouseover"": {""state"": {""target"": [], ""time"": []}, ""edge"": {""target"": [], ""time"": []}}, ""mouseout"": {""state"": {""target"": [], ""time"": []}, ""edge"": {""target"": [], ""time"": []}}}, ""trialTime"": 12278, ""trial_type"": ""mouselab-mdp"", ""trial_index"": 16, ""time_elapsed"": 391319, ""internal_node_id"": ""0.0-4.0-1.0-8.0""}, {""stateRewards"": ["""", 5, 5, 5, 10, -5, -5, 10, 10, -10, 10, 5, -10], ""trial_id"": 9, ""block"": ""testing"", ""trialIndex"": 10, ""score"": -3, ""expectedScore"": 0, ""expectedRewards"": 0, ""simulationMode"": [], ""rewards"": [], ""path"": [""0""], ""rt"": [], ""delays"": [], ""actions"": [], ""actionTimes"": [], ""queries"": {""preselect"": {""state"": {""target"": [], ""time"": []}, ""clickable"": {""target"": [], ""time"": []}}, ""click"": {""state"": {""target"": [""5"", ""2"", ""1""], ""time"": [2174, 3508, 4321]}, ""edge"": {""target"": [], ""time"": []}, ""clickable"": {""target"": [true, true, true], ""time"": [2175, 3509, 4321]}}, ""flowchart"": {""index"": {""target"": [], ""time"": []}, ""answer"": {""target"": [], ""time"": []}, ""correct"": {""target"": [], ""time"": []}, ""answer_stats"": {""total"": [], ""correct"": []}}, ""quiz_selection"": {""gt"": [], ""answer"": [], ""tp"": [], ""fp"": [], ""tn"": [], ""fn"": [], ""num_tp"": 0, ""num_fp"": 0, ""num_tn"": 0, ""num_fn"": 0}, ""mouseover"": {""state"": {""target"": [], ""time"": []}, ""edge"": {""target"": [], ""time"": []}}, ""mouseout"": {""state"": {""target"": [], ""time"": []}, ""edge"": {""target"": [], ""time"": []}}}, ""trialTime"": 12218, ""trial_type"": ""mouselab-mdp"", ""trial_index"": 17, ""time_elapsed"": 404802, ""internal_node_id"": ""0.0-4.0-1.0-9.0""}]"
29,1,instructions1,4,7.8,1,1,46,male,0,"[{""stateRewards"": ["""", 5, -5, -10, 5, 5, 10, -10, 10, 5, 10, 10, -10], ""trial_id"": 48, ""block"": ""testing"", ""trialIndex"": 1, ""score"": -5, ""expectedScore"": 0, ""expectedRewards"": 0, ""simulationMode"": [], ""rewards"": [], ""path"": [""0""], ""rt"": [], ""delays"": [], ""actions"": [], ""actionTimes"": [], ""queries"": {""preselect"": {""state"": {""target"": [], ""time"": []}, ""clickable"": {""target"": [], ""time"": []}}, ""click"": {""state"": {""target"": [""1"", ""2"", ""6"", ""8"", ""7""], ""time"": [7099, 8645, 11213, 18530, 20899]}, ""edge"": {""target"": [], ""time"": []}, ""clickable"": {""target"": [true, true, true, true, true], ""time"": [7101, 8646, 11214, 18532, 20900]}}, ""flowchart"": {""index"": {""target"": [], ""time"": []}, ""answer"": {""target"": [], ""time"": []}, ""correct"": {""target"": [], ""time"": []}, ""answer_stats"": {""total"": [], ""correct"": []}}, ""quiz_selection"": {""gt"": [], ""answer"": [], ""tp"": [], ""fp"": [], ""tn"": [], ""fn"": [], ""num_tp"": 0, ""num_fp"": 0, ""num_tn"": 0, ""num_fn"": 0}, ""mouseover"": {""state"": {""target"": [], ""time"": []}, ""edge"": {""target"": [], ""time"": []}}, ""mouseout"": {""state"": {""target"": [], ""time"": []}, ""edge"": {""target"": [], ""time"": []}}}, ""trialTime"": 28900, ""trial_type"": ""mouselab-mdp"", ""trial_index"": 8, ""time_elapsed"": 195378, ""internal_node_id"": ""0.0-4.0-1.0-0.0""}, {""stateRewards"": ["""", -10, -10, -10, 10, 10, 10, -10, 5, 5, -10, -5, 10], ""trial_id"": 19, ""block"": ""testing"", ""trialIndex"": 2, ""score"": -5, ""expectedScore"": 0, ""expectedRewards"": 0, ""simulationMode"": [], ""rewards"": [], ""path"": [""0""], ""rt"": [], ""delays"": [], ""actions"": [], ""actionTimes"": [], ""queries"": {""preselect"": {""state"": {""target"": [], ""time"": []}, ""clickable"": {""target"": [], ""time"": []}}, ""click"": {""state"": {""target"": [""9"", ""10"", ""6"", ""7"", ""8""], ""time"": [6424, 9728, 12809, 17550, 19230]}, ""edge"": {""target"": [], ""time"": []}, ""clickable"": {""target"": [true, true, true, true, true], ""time"": [6426, 9729, 12810, 17552, 19231]}}, ""flowchart"": {""index"": {""target"": [], ""time"": []}, ""answer"": {""target"": [], ""time"": []}, ""correct"": {""target"": [], ""time"": []}, ""answer_stats"": {""total"": [], ""correct"": []}}, ""quiz_selection"": {""gt"": [], ""answer"": [], ""tp"": [], ""fp"": [], ""tn"": [], ""fn"": [], ""num_tp"": 0, ""num_fp"": 0, ""num_tn"": 0, ""num_fn"": 0}, ""mouseover"": {""state"": {""target"": [], ""time"": []}, ""edge"": {""target"": [], ""time"": []}}, ""mouseout"": {""state"": {""target"": [], ""time"": []}, ""edge"": {""target"": [], ""time"": []}}}, ""trialTime"": 26661, ""trial_type"": ""mouselab-mdp"", ""trial_index"": 9, ""time_elapsed"": 223289, ""internal_node_id"": ""0.0-4.0-1.0-1.0""}, {""stateRewards"": ["""", 5, -10, -5, 10, 5, -10, -5, -10, 5, -5, -5, 5], ""trial_id"": 51, ""block"": ""testing"", ""trialIndex"": 3, ""score"": -4, ""expectedScore"": 0, ""expectedRewards"": 0, ""simulationMode"": [], ""rewards"": [], ""path"": [""0""], ""rt"": [], ""delays"": [], ""actions"": [], ""actionTimes"": [], ""queries"": {""preselect"": {""state"": {""target"": [], ""time"": []}, ""clickable"": {""target"": [], ""time"": []}}, ""click"": {""state"": {""target"": [""2"", ""6"", ""10"", ""9""], ""time"": [4097, 5922, 7698, 9062]}, ""edge"": {""target"": [], ""time"": []}, ""clickable"": {""target"": [true, true, true, true], ""time"": [4098, 5924, 7699, 9064]}}, ""flowchart"": {""index"": {""target"": [], ""time"": []}, ""answer"": {""target"": [], ""time"": []}, ""correct"": {""target"": [], ""time"": []}, ""answer_stats"": {""total"": [], ""correct"": []}}, ""quiz_selection"": {""gt"": [], ""answer"": [], ""tp"": [], ""fp"": [], ""tn"": [], ""fn"": [], ""num_tp"": 0, ""num_fp"": 0, ""num_tn"": 0, ""num_fn"": 0}, ""mouseover"": {""state"": {""target"": [], ""time"": []}, ""edge"": {""target"": [], ""time"": []}}, ""mouseout"": {""state"": {""target"": [], ""time"": []}, ""edge"": {""target"": [], ""time"": []}}}, ""trialTime"": 23419, ""trial_type"": ""mouselab-mdp"", ""trial_index"": 10, ""time_elapsed"": 247960, ""internal_node_id"": ""0.0-4.0-1.0-2.0""}, {""stateRewards"": ["""", -10, 5, -10, 5, 10, 10, -5, -10, -5, 10, -5, 10], ""trial_id"": 42, ""block"": ""testing"", ""trialIndex"": 4, ""score"": -4, ""expectedScore"": 0, ""expectedRewards"": 0, ""simulationMode"": [], ""rewards"": [], ""path"": [""0""], ""rt"": [], ""delays"": [], ""actions"": [], ""actionTimes"": [], ""queries"": {""preselect"": {""state"": {""target"": [], ""time"": []}, ""clickable"": {""target"": [], ""time"": []}}, ""click"": {""state"": {""target"": [""1"", ""5"", ""8"", ""7""], ""time"": [2966, 4894, 8145, 9917]}, ""edge"": {""target"": [], ""time"": []}, ""clickable"": {""target"": [true, true, true, true], ""time"": [2967, 4895, 8146, 9918]}}, ""flowchart"": {""index"": {""target"": [], ""time"": []}, ""answer"": {""target"": [], ""time"": []}, ""correct"": {""target"": [], ""time"": []}, ""answer_stats"": {""total"": [], ""correct"": []}}, ""quiz_selection"": {""gt"": [], ""answer"": [], ""tp"": [], ""fp"": [], ""tn"": [], ""fn"": [], ""num_tp"": 0, ""num_fp"": 0, ""num_tn"": 0, ""num_fn"": 0}, ""mouseover"": {""state"": {""target"": [], ""time"": []}, ""edge"": {""target"": [], ""time"": []}}, ""mouseout"": {""state"": {""target"": [], ""time"": []}, ""edge"": {""target"": [], ""time"": []}}}, ""trialTime"": 13842, ""trial_type"": ""mouselab-mdp"", ""trial_index"": 11, ""time_elapsed"": 263048, ""internal_node_id"": ""0.0-4.0-1.0-3.0""}, {""stateRewards"": ["""", 10, -5, -5, -10, 5, -10, -5, 5, 10, -10, -5, -10], ""trial_id"": 43, ""block"": ""testing"", ""trialIndex"": 5, ""score"": -3, ""expectedScore"": 0, ""expectedRewards"": 0, ""simulationMode"": [], ""rewards"": [], ""path"": [""0""], ""rt"": [], ""delays"": [], ""actions"": [], ""actionTimes"": [], ""queries"": {""preselect"": {""state"": {""target"": [], ""time"": []}, ""clickable"": {""target"": [], ""time"": []}}, ""click"": {""state"": {""target"": [""1"", ""4"", ""3""], ""time"": [3796, 7124, 8528]}, ""edge"": {""target"": [], ""time"": []}, ""clickable"": {""target"": [true, true, true], ""time"": [3797, 7126, 8529]}}, ""flowchart"": {""index"": {""target"": [], ""time"": []}, ""answer"": {""target"": [], ""time"": []}, ""correct"": {""target"": [], ""time"": []}, ""answer_stats"": {""total"": [], ""correct"": []}}, ""quiz_selection"": {""gt"": [], ""answer"": [], ""tp"": [], ""fp"": [], ""tn"": [], ""fn"": [], ""num_tp"": 0, ""num_fp"": 0, ""num_tn"": 0, ""num_fn"": 0}, ""mouseover"": {""state"": {""target"": [], ""time"": []}, ""edge"": {""target"": [], ""time"": []}}, ""mouseout"": {""state"": {""target"": [], ""time"": []}, ""edge"": {""target"": [], ""time"": []}}}, ""trialTime"": 12714, ""trial_type"": ""mouselab-mdp"", ""trial_index"": 12, ""time_elapsed"": 277009, ""internal_node_id"": ""0.0-4.0-1.0-4.0""}, {""stateRewards"": ["""", 5, 5, 5, 10, -5, -5, 10, 10, -10, 10, 5, -10], ""trial_id"": 9, ""block"": ""testing"", ""trialIndex"": 6, ""score"": -2, ""expectedScore"": 0, ""expectedRewards"": 0, ""simulationMode"": [], ""rewards"": [], ""path"": [""0""], ""rt"": [], ""delays"": [], ""actions"": [], ""actionTimes"": [], ""queries"": {""preselect"": {""state"": {""target"": [], ""time"": []}, ""clickable"": {""target"": [], ""time"": []}}, ""click"": {""state"": {""target"": [""1"", ""2""], ""time"": [4126, 5667]}, ""edge"": {""target"": [], ""time"": []}, ""clickable"": {""target"": [true, true], ""time"": [4127, 5668]}}, ""flowchart"": {""index"": {""target"": [], ""time"": []}, ""answer"": {""target"": [], ""time"": []}, ""correct"": {""target"": [], ""time"": []}, ""answer_stats"": {""total"": [], ""correct"": []}}, ""quiz_selection"": {""gt"": [], ""answer"": [], ""tp"": [], ""fp"": [], ""tn"": [], ""fn"": [], ""num_tp"": 0, ""num_fp"": 0, ""num_tn"": 0, ""num_fn"": 0}, ""mouseover"": {""state"": {""target"": [], ""time"": []}, ""edge"": {""target"": [], ""time"": []}}, ""mouseout"": {""state"": {""target"": [], ""time"": []}, ""edge"": {""target"": [], ""time"": []}}}, ""trialTime"": 15538, ""trial_type"": ""mouselab-mdp"", ""trial_index"": 13, ""time_elapsed"": 293802, ""internal_node_id"": ""0.0-4.0-1.0-5.0""}, {""stateRewards"": ["""", 10, 10, -5, -5, 10, -5, 5, 10, -10, -5, 10, -5], ""trial_id"": 33, ""block"": ""testing"", ""trialIndex"": 7, ""score"": -3, ""expectedScore"": 0, ""expectedRewards"": 0, ""simulationMode"": [], ""rewards"": [], ""path"": [""0""], ""rt"": [], ""delays"": [], ""actions"": [], ""actionTimes"": [], ""queries"": {""preselect"": {""state"": {""target"": [], ""time"": []}, ""clickable"": {""target"": [], ""time"": []}}, ""click"": {""state"": {""target"": [""1"", ""4"", ""3""], ""time"": [2716, 4822, 5928]}, ""edge"": {""target"": [], ""time"": []}, ""clickable"": {""target"": [true, true, true], ""time"": [2718, 4823, 5929]}}, ""flowchart"": {""index"": {""target"": [], ""time"": []}, ""answer"": {""target"": [], ""time"": []}, ""correct"": {""target"": [], ""time"": []}, ""answer_stats"": {""total"": [], ""correct"": []}}, ""quiz_selection"": {""gt"": [], ""answer"": [], ""tp"": [], ""fp"": [], ""tn"": [], ""fn"": [], ""num_tp"": 0, ""num_fp"": 0, ""num_tn"": 0, ""num_fn"": 0}, ""mouseover"": {""state"": {""target"": [], ""time"": []}, ""edge"": {""target"": [], ""time"": []}}, ""mouseout"": {""state"": {""target"": [], ""time"": []}, ""edge"": {""target"": [], ""time"": []}}}, ""trialTime"": 12452, ""trial_type"": ""mouselab-mdp"", ""trial_index"": 14, ""time_elapsed"": 307512, ""internal_node_id"": ""0.0-4.0-1.0-6.0""}, {""stateRewards"": ["""", -10, 5, 10, 5, -10, 5, -5, 5, 10, 5, 5, -5], ""trial_id"": 41, ""block"": ""testing"", ""trialIndex"": 8, ""score"": -5, ""expectedScore"": 0, ""expectedRewards"": 0, ""simulationMode"": [], ""rewards"": [], ""path"": [""0""], ""rt"": [], ""delays"": [], ""actions"": [], ""actionTimes"": [], ""queries"": {""preselect"": {""state"": {""target"": [], ""time"": []}, ""clickable"": {""target"": [], ""time"": []}}, ""click"": {""state"": {""target"": [""1"", ""5"", ""9"", ""11"", ""12""], ""time"": [6618, 7647, 8726, 13290, 14410]}, ""edge"": {""target"": [], ""time"": []}, ""clickable"": {""target"": [true, true, true, true, true], ""time"": [6619, 7648, 8727, 13292, 14411]}}, ""flowchart"": {""index"": {""target"": [], ""time"": []}, ""answer"": {""target"": [], ""time"": []}, ""correct"": {""target"": [], ""time"": []}, ""answer_stats"": {""total"": [], ""correct"": []}}, ""quiz_selection"": {""gt"": [], ""answer"": [], ""tp"": [], ""fp"": [], ""tn"": [], ""fn"": [], ""num_tp"": 0, ""num_fp"": 0, ""num_tn"": 0, ""num_fn"": 0}, ""mouseover"": {""state"": {""target"": [], ""time"": []}, ""edge"": {""target"": [], ""time"": []}}, ""mouseout"": {""state"": {""target"": [], ""time"": []}, ""edge"": {""target"": [], ""time"": []}}}, ""trialTime"": 19722, ""trial_type"": ""mouselab-mdp"", ""trial_index"": 15, ""time_elapsed"": 328503, ""internal_node_id"": ""0.0-4.0-1.0-7.0""}, {""stateRewards"": ["""", 10, -10, 10, 5, 5, -10, -10, 10, -10, -5, 5, 10], ""trial_id"": 38, ""block"": ""testing"", ""trialIndex"": 9, ""score"": -3, ""expectedScore"": 0, ""expectedRewards"": 0, ""simulationMode"": [], ""rewards"": [], ""path"": [""0""], ""rt"": [], ""delays"": [], ""actions"": [], ""actionTimes"": [], ""queries"": {""preselect"": {""state"": {""target"": [], ""time"": []}, ""clickable"": {""target"": [], ""time"": []}}, ""click"": {""state"": {""target"": [""1"", ""4"", ""3""], ""time"": [6665, 9813, 10573]}, ""edge"": {""target"": [], ""time"": []}, ""clickable"": {""target"": [true, true, true], ""time"": [6667, 9814, 10574]}}, ""flowchart"": {""index"": {""target"": [], ""time"": []}, ""answer"": {""target"": [], ""time"": []}, ""correct"": {""target"": [], ""time"": []}, ""answer_stats"": {""total"": [], ""correct"": []}}, ""quiz_selection"": {""gt"": [], ""answer"": [], ""tp"": [], ""fp"": [], ""tn"": [], ""fn"": [], ""num_tp"": 0, ""num_fp"": 0, ""num_tn"": 0, ""num_fn"": 0}, ""mouseover"": {""state"": {""target"": [], ""time"": []}, ""edge"": {""target"": [], ""time"": []}}, ""mouseout"": {""state"": {""target"": [], ""time"": []}, ""edge"": {""target"": [], ""time"": []}}}, ""trialTime"": 14915, ""trial_type"": ""mouselab-mdp"", ""trial_index"": 16, ""time_elapsed"": 344660, ""internal_node_id"": ""0.0-4.0-1.0-8.0""}, {""stateRewards"": ["""", -5, 10, 10, -5, 10, -10, 10, 10, -10, 10, -5, 5], ""trial_id"": 23, ""block"": ""testing"", ""trialIndex"": 10, ""score"": -4, ""expectedScore"": 0, ""expectedRewards"": 0, ""simulationMode"": [], ""rewards"": [], ""path"": [""0""], ""rt"": [], ""delays"": [], ""actions"": [], ""actionTimes"": [], ""queries"": {""preselect"": {""state"": {""target"": [], ""time"": []}, ""clickable"": {""target"": [], ""time"": []}}, ""click"": {""state"": {""target"": [""1"", ""5"", ""8"", ""7""], ""time"": [2777, 3948, 5605, 6367]}, ""edge"": {""target"": [], ""time"": []}, ""clickable"": {""target"": [true, true, true, true], ""time"": [2778, 3949, 5606, 6368]}}, ""flowchart"": {""index"": {""target"": [], ""time"": []}, ""answer"": {""target"": [], ""time"": []}, ""correct"": {""target"": [], ""time"": []}, ""answer_stats"": {""total"": [], ""correct"": []}}, ""quiz_selection"": {""gt"": [], ""answer"": [], ""tp"": [], ""fp"": [], ""tn"": [], ""fn"": [], ""num_tp"": 0, ""num_fp"": 0, ""num_tn"": 0, ""num_fn"": 0}, ""mouseover"": {""state"": {""target"": [], ""time"": []}, ""edge"": {""target"": [], ""time"": []}}, ""mouseout"": {""state"": {""target"": [], ""time"": []}, ""edge"": {""target"": [], ""time"": []}}}, ""trialTime"": 12699, ""trial_type"": ""mouselab-mdp"", ""trial_index"": 17, ""time_elapsed"": 358594, ""internal_node_id"": ""0.0-4.0-1.0-9.0""}]"
30,1,instructions1,4,11.0,1,1,42,Female,0,"[{""stateRewards"": ["""", 5, -10, 10, -5, -5, 5, 10, -5, 5, 10, -5, -5], ""trial_id"": 2, ""block"": ""testing"", ""trialIndex"": 1, ""score"": -2, ""expectedScore"": 0, ""expectedRewards"": 0, ""simulationMode"": [], ""rewards"": [], ""path"": [""0""], ""rt"": [], ""delays"": [], ""actions"": [], ""actionTimes"": [], ""queries"": {""preselect"": {""state"": {""target"": [], ""time"": []}, ""clickable"": {""target"": [], ""time"": []}}, ""click"": {""state"": {""target"": [""10"", ""9""], ""time"": [9791, 16743]}, ""edge"": {""target"": [], ""time"": []}, ""clickable"": {""target"": [true, false], ""time"": [9794, 16746]}}, ""flowchart"": {""index"": {""target"": [], ""time"": []}, ""answer"": {""target"": [], ""time"": []}, ""correct"": {""target"": [], ""time"": []}, ""answer_stats"": {""total"": [], ""correct"": []}}, ""quiz_selection"": {""gt"": [], ""answer"": [], ""tp"": [], ""fp"": [], ""tn"": [], ""fn"": [], ""num_tp"": 0, ""num_fp"": 0, ""num_tn"": 0, ""num_fn"": 0}, ""mouseover"": {""state"": {""target"": [], ""time"": []}, ""edge"": {""target"": [], ""time"": []}}, ""mouseout"": {""state"": {""target"": [], ""time"": []}, ""edge"": {""target"": [], ""time"": []}}}, ""trialTime"": 24848, ""trial_type"": ""mouselab-mdp"", ""trial_index"": 8, ""time_elapsed"": 255420, ""internal_node_id"": ""0.0-4.0-1.0-0.0""}, {""stateRewards"": ["""", -5, -5, 5, -10, 10, -5, -5, -10, -10, -5, 5, -5], ""trial_id"": 22, ""block"": ""testing"", ""trialIndex"": 2, ""score"": -7, ""expectedScore"": 0, ""expectedRewards"": 0, ""simulationMode"": [], ""rewards"": [], ""path"": [""0""], ""rt"": [], ""delays"": [], ""actions"": [], ""actionTimes"": [], ""queries"": {""preselect"": {""state"": {""target"": [], ""time"": []}, ""clickable"": {""target"": [], ""time"": []}}, ""click"": {""state"": {""target"": [""2"", ""6"", ""10"", ""9"", ""5"", ""8"", ""7""], ""time"": [10839, 14882, 17133, 19110, 22381, 29682, 31366]}, ""edge"": {""target"": [], ""time"": []}, ""clickable"": {""target"": [true, true, true, true, true, true, true], ""time"": [10845, 14885, 17138, 19114, 22384, 29683, 31368]}}, ""flowchart"": {""index"": {""target"": [], ""time"": []}, ""answer"": {""target"": [], ""time"": []}, ""correct"": {""target"": [], ""time"": []}, ""answer_stats"": {""total"": [], ""correct"": []}}, ""quiz_selection"": {""gt"": [], ""answer"": [], ""tp"": [], ""fp"": [], ""tn"": [], ""fn"": [], ""num_tp"": 0, ""num_fp"": 0, ""num_tn"": 0, ""num_fn"": 0}, ""mouseover"": {""state"": {""target"": [], ""time"": []}, ""edge"": {""target"": [], ""time"": []}}, ""mouseout"": {""state"": {""target"": [], ""time"": []}, ""edge"": {""target"": [], ""time"": []}}}, ""trialTime"": 36852, ""trial_type"": ""mouselab-mdp"", ""trial_index"": 9, ""time_elapsed"": 293805, ""internal_node_id"": ""0.0-4.0-1.0-1.0""}, {""stateRewards"": ["""", 10, 10, 10, 10, 5, 5, 10, 5, -5, 5, 5, 5], ""trial_id"": 18, ""block"": ""testing"", ""trialIndex"": 3, ""score"": -3, ""expectedScore"": 0, ""expectedRewards"": 0, ""simulationMode"": [], ""rewards"": [], ""path"": [""0""], ""rt"": [], ""delays"": [], ""actions"": [], ""actionTimes"": [], ""queries"": {""preselect"": {""state"": {""target"": [], ""time"": []}, ""clickable"": {""target"": [], ""time"": []}}, ""click"": {""state"": {""target"": [""2"", ""3"", ""4""], ""time"": [7325, 11258, 13829]}, ""edge"": {""target"": [], ""time"": []}, ""clickable"": {""target"": [true, true, true], ""time"": [7329, 11262, 13831]}}, ""flowchart"": {""index"": {""target"": [], ""time"": []}, ""answer"": {""target"": [], ""time"": []}, ""correct"": {""target"": [], ""time"": []}, ""answer_stats"": {""total"": [], ""correct"": []}}, ""quiz_selection"": {""gt"": [], ""answer"": [], ""tp"": [], ""fp"": [], ""tn"": [], ""fn"": [], ""num_tp"": 0, ""num_fp"": 0, ""num_tn"": 0, ""num_fn"": 0}, ""mouseover"": {""state"": {""target"": [], ""time"": []}, ""edge"": {""target"": [], ""time"": []}}, ""mouseout"": {""state"": {""target"": [], ""time"": []}, ""edge"": {""target"": [], ""time"": []}}}, ""trialTime"": 21526, ""trial_type"": ""mouselab-mdp"", ""trial_index"": 10, ""time_elapsed"": 316960, ""internal_node_id"": ""0.0-4.0-1.0-2.0""}, {""stateRewards"": ["""", -10, 10, 10, -5, 10, -10, 5, 10, -5, 5, 5, -10], ""trial_id"": 49, ""block"": ""testing"", ""trialIndex"": 4, ""score"": -3, ""expectedScore"": 0, ""expectedRewards"": 0, ""simulationMode"": [], ""rewards"": [], ""path"": [""0""], ""rt"": [], ""delays"": [], ""actions"": [], ""actionTimes"": [], ""queries"": {""preselect"": {""state"": {""target"": [], ""time"": []}, ""clickable"": {""target"": [], ""time"": []}}, ""click"": {""state"": {""target"": [""2"", ""3"", ""4""], ""time"": [5231, 14501, 17357]}, ""edge"": {""target"": [], ""time"": []}, ""clickable"": {""target"": [true, true, true], ""time"": [5233, 14503, 17359]}}, ""flowchart"": {""index"": {""target"": [], ""time"": []}, ""answer"": {""target"": [], ""time"": []}, ""correct"": {""target"": [], ""time"": []}, ""answer_stats"": {""total"": [], ""correct"": []}}, ""quiz_selection"": {""gt"": [], ""answer"": [], ""tp"": [], ""fp"": [], ""tn"": [], ""fn"": [], ""num_tp"": 0, ""num_fp"": 0, ""num_tn"": 0, ""num_fn"": 0}, ""mouseover"": {""state"": {""target"": [], ""time"": []}, ""edge"": {""target"": [], ""time"": []}}, ""mouseout"": {""state"": {""target"": [], ""time"": []}, ""edge"": {""target"": [], ""time"": []}}}, ""trialTime"": 22476, ""trial_type"": ""mouselab-mdp"", ""trial_index"": 11, ""time_elapsed"": 340941, ""internal_node_id"": ""0.0-4.0-1.0-3.0""}, {""stateRewards"": ["""", -10, -10, -10, 10, 10, 10, -10, 5, 5, -10, -5, 10], ""trial_id"": 19, ""block"": ""testing"", ""trialIndex"": 5, ""score"": -4, ""expectedScore"": 0, ""expectedRewards"": 0, ""simulationMode"": [], ""rewards"": [], ""path"": [""0""], ""rt"": [], ""delays"": [], ""actions"": [], ""actionTimes"": [], ""queries"": {""preselect"": {""state"": {""target"": [], ""time"": []}, ""clickable"": {""target"": [], ""time"": []}}, ""click"": {""state"": {""target"": [""2"", ""6"", ""7"", ""8""], ""time"": [9409, 11685, 13937, 15071]}, ""edge"": {""target"": [], ""time"": []}, ""clickable"": {""target"": [true, true, true, true], ""time"": [9412, 11688, 13940, 15076]}}, ""flowchart"": {""index"": {""target"": [], ""time"": []}, ""answer"": {""target"": [], ""time"": []}, ""correct"": {""target"": [], ""time"": []}, ""answer_stats"": {""total"": [], ""correct"": []}}, ""quiz_selection"": {""gt"": [], ""answer"": [], ""tp"": [], ""fp"": [], ""tn"": [], ""fn"": [], ""num_tp"": 0, ""num_fp"": 0, ""num_tn"": 0, ""num_fn"": 0}, ""mouseover"": {""state"": {""target"": [], ""time"": []}, ""edge"": {""target"": [], ""time"": []}}, ""mouseout"": {""state"": {""target"": [], ""time"": []}, ""edge"": {""target"": [], ""time"": []}}}, ""trialTime"": 20035, ""trial_type"": ""mouselab-mdp"", ""trial_index"": 12, ""time_elapsed"": 362479, ""internal_node_id"": ""0.0-4.0-1.0-4.0""}, {""stateRewards"": ["""", -5, 5, -10, 5, -5, -5, 5, -5, 5, -10, 10, 5], ""trial_id"": 45, ""block"": ""testing"", ""trialIndex"": 6, ""score"": -4, ""expectedScore"": 0, ""expectedRewards"": 0, ""simulationMode"": [], ""rewards"": [], ""path"": [""0""], ""rt"": [], ""delays"": [], ""actions"": [], ""actionTimes"": [], ""queries"": {""preselect"": {""state"": {""target"": [], ""time"": []}, ""clickable"": {""target"": [], ""time"": []}}, ""click"": {""state"": {""target"": [""2"", ""1"", ""6"", ""10""], ""time"": [3247, 5300, 7203, 9868]}, ""edge"": {""target"": [], ""time"": []}, ""clickable"": {""target"": [true, true, true, true], ""time"": [3248, 5303, 7204, 9870]}}, ""flowchart"": {""index"": {""target"": [], ""time"": []}, ""answer"": {""target"": [], ""time"": []}, ""correct"": {""target"": [], ""time"": []}, ""answer_stats"": {""total"": [], ""correct"": []}}, ""quiz_selection"": {""gt"": [], ""answer"": [], ""tp"": [], ""fp"": [], ""tn"": [], ""fn"": [], ""num_tp"": 0, ""num_fp"": 0, ""num_tn"": 0, ""num_fn"": 0}, ""mouseover"": {""state"": {""target"": [], ""time"": []}, ""edge"": {""target"": [], ""time"": []}}, ""mouseout"": {""state"": {""target"": [], ""time"": []}, ""edge"": {""target"": [], ""time"": []}}}, ""trialTime"": 23722, ""trial_type"": ""mouselab-mdp"", ""trial_index"": 13, ""time_elapsed"": 387852, ""internal_node_id"": ""0.0-4.0-1.0-5.0""}, {""stateRewards"": ["""", 5, -10, -5, 10, 5, -10, -5, -10, 5, -5, -5, 5], ""trial_id"": 51, ""block"": ""testing"", ""trialIndex"": 7, ""score"": -4, ""expectedScore"": 0, ""expectedRewards"": 0, ""simulationMode"": [], ""rewards"": [], ""path"": [""0""], ""rt"": [], ""delays"": [], ""actions"": [], ""actionTimes"": [], ""queries"": {""preselect"": {""state"": {""target"": [], ""time"": []}, ""clickable"": {""target"": [], ""time"": []}}, ""click"": {""state"": {""target"": [""2"", ""6"", ""10"", ""9""], ""time"": [2096, 3175, 4551, 5874]}, ""edge"": {""target"": [], ""time"": []}, ""clickable"": {""target"": [true, true, true, true], ""time"": [2098, 3176, 4554, 5876]}}, ""flowchart"": {""index"": {""target"": [], ""time"": []}, ""answer"": {""target"": [], ""time"": []}, ""correct"": {""target"": [], ""time"": []}, ""answer_stats"": {""total"": [], ""correct"": []}}, ""quiz_selection"": {""gt"": [], ""answer"": [], ""tp"": [], ""fp"": [], ""tn"": [], ""fn"": [], ""num_tp"": 0, ""num_fp"": 0, ""num_tn"": 0, ""num_fn"": 0}, ""mouseover"": {""state"": {""target"": [], ""time"": []}, ""edge"": {""target"": [], ""time"": []}}, ""mouseout"": {""state"": {""target"": [], ""time"": []}, ""edge"": {""target"": [], ""time"": []}}}, ""trialTime"": 12412, ""trial_type"": ""mouselab-mdp"", ""trial_index"": 14, ""time_elapsed"": 401776, ""internal_node_id"": ""0.0-4.0-1.0-6.0""}, {""stateRewards"": ["""", 10, 10, 10, 10, -5, -5, 10, 10, -5, 10, -10, -10], ""trial_id"": 47, ""block"": ""testing"", ""trialIndex"": 8, ""score"": -3, ""expectedScore"": 0, ""expectedRewards"": 0, ""simulationMode"": [], ""rewards"": [], ""path"": [""0""], ""rt"": [], ""delays"": [], ""actions"": [], ""actionTimes"": [], ""queries"": {""preselect"": {""state"": {""target"": [], ""time"": []}, ""clickable"": {""target"": [], ""time"": []}}, ""click"": {""state"": {""target"": [""2"", ""4"", ""3""], ""time"": [3226, 5852, 6990]}, ""edge"": {""target"": [], ""time"": []}, ""clickable"": {""target"": [true, true, true], ""time"": [3229, 5853, 6993]}}, ""flowchart"": {""index"": {""target"": [], ""time"": []}, ""answer"": {""target"": [], ""time"": []}, ""correct"": {""target"": [], ""time"": []}, ""answer_stats"": {""total"": [], ""correct"": []}}, ""quiz_selection"": {""gt"": [], ""answer"": [], ""tp"": [], ""fp"": [], ""tn"": [], ""fn"": [], ""num_tp"": 0, ""num_fp"": 0, ""num_tn"": 0, ""num_fn"": 0}, ""mouseover"": {""state"": {""target"": [], ""time"": []}, ""edge"": {""target"": [], ""time"": []}}, ""mouseout"": {""state"": {""target"": [], ""time"": []}, ""edge"": {""target"": [], ""time"": []}}}, ""trialTime"": 11894, ""trial_type"": ""mouselab-mdp"", ""trial_index"": 15, ""time_elapsed"": 415147, ""internal_node_id"": ""0.0-4.0-1.0-7.0""}, {""stateRewards"": ["""", 10, -5, -10, -5, -5, 5, 5, -10, 5, 10, -5, -5], ""trial_id"": 39, ""block"": ""testing"", ""trialIndex"": 9, ""score"": -6, ""expectedScore"": 0, ""expectedRewards"": 0, ""simulationMode"": [], ""rewards"": [], ""path"": [""0""], ""rt"": [], ""delays"": [], ""actions"": [], ""actionTimes"": [], ""queries"": {""preselect"": {""state"": {""target"": [], ""time"": []}, ""clickable"": {""target"": [], ""time"": []}}, ""click"": {""state"": {""target"": [""2"", ""6"", ""5"", ""10"", ""11"", ""12""], ""time"": [2481, 4527, 6137, 7699, 11127, 12052]}, ""edge"": {""target"": [], ""time"": []}, ""clickable"": {""target"": [true, true, true, true, true, true], ""time"": [2484, 4531, 6138, 7702, 11131, 12054]}}, ""flowchart"": {""index"": {""target"": [], ""time"": []}, ""answer"": {""target"": [], ""time"": []}, ""correct"": {""target"": [], ""time"": []}, ""answer_stats"": {""total"": [], ""correct"": []}}, ""quiz_selection"": {""gt"": [], ""answer"": [], ""tp"": [], ""fp"": [], ""tn"": [], ""fn"": [], ""num_tp"": 0, ""num_fp"": 0, ""num_tn"": 0, ""num_fn"": 0}, ""mouseover"": {""state"": {""target"": [], ""time"": []}, ""edge"": {""target"": [], ""time"": []}}, ""mouseout"": {""state"": {""target"": [], ""time"": []}, ""edge"": {""target"": [], ""time"": []}}}, ""trialTime"": 16622, ""trial_type"": ""mouselab-mdp"", ""trial_index"": 16, ""time_elapsed"": 433245, ""internal_node_id"": ""0.0-4.0-1.0-8.0""}, {""stateRewards"": ["""", 5, 5, 5, 10, -5, -5, 10, 10, -10, 10, 5, -10], ""trial_id"": 9, ""block"": ""testing"", ""trialIndex"": 10, ""score"": -2, ""expectedScore"": 0, ""expectedRewards"": 0, ""simulationMode"": [], ""rewards"": [], ""path"": [""0""], ""rt"": [], ""delays"": [], ""actions"": [], ""actionTimes"": [], ""queries"": {""preselect"": {""state"": {""target"": [], ""time"": []}, ""clickable"": {""target"": [], ""time"": []}}, ""click"": {""state"": {""target"": [""2"", ""1""], ""time"": [1681, 3154]}, ""edge"": {""target"": [], ""time"": []}, ""clickable"": {""target"": [true, true], ""time"": [1682, 3155]}}, ""flowchart"": {""index"": {""target"": [], ""time"": []}, ""answer"": {""target"": [], ""time"": []}, ""correct"": {""target"": [], ""time"": []}, ""answer_stats"": {""total"": [], ""correct"": []}}, ""quiz_selection"": {""gt"": [], ""answer"": [], ""tp"": [], ""fp"": [], ""tn"": [], ""fn"": [], ""num_tp"": 0, ""num_fp"": 0, ""num_tn"": 0, ""num_fn"": 0}, ""mouseover"": {""state"": {""target"": [], ""time"": []}, ""edge"": {""target"": [], ""time"": []}}, ""mouseout"": {""state"": {""target"": [], ""time"": []}, ""edge"": {""target"": [], ""time"": []}}}, ""trialTime"": 12502, ""trial_type"": ""mouselab-mdp"", ""trial_index"": 17, ""time_elapsed"": 447443, ""internal_node_id"": ""0.0-4.0-1.0-9.0""}]"
31,1,instructions1,4,8.3,1,1,31,female,0,"[{""stateRewards"": ["""", 5, -10, -5, 10, 5, -10, -5, -10, 5, -5, -5, 5], ""trial_id"": 51, ""block"": ""testing"", ""trialIndex"": 1, ""score"": -4, ""expectedScore"": 0, ""expectedRewards"": 0, ""simulationMode"": [], ""rewards"": [], ""path"": [""0""], ""rt"": [], ""delays"": [], ""actions"": [], ""actionTimes"": [], ""queries"": {""preselect"": {""state"": {""target"": [], ""time"": []}, ""clickable"": {""target"": [], ""time"": []}}, ""click"": {""state"": {""target"": [""3"", ""4"", ""2"", ""1""], ""time"": [5734, 7708, 8747, 11226]}, ""edge"": {""target"": [], ""time"": []}, ""clickable"": {""target"": [false, false, false, false], ""time"": [5736, 7710, 8748, 11228]}}, ""flowchart"": {""index"": {""target"": [], ""time"": []}, ""answer"": {""target"": [], ""time"": []}, ""correct"": {""target"": [], ""time"": []}, ""answer_stats"": {""total"": [], ""correct"": []}}, ""quiz_selection"": {""gt"": [], ""answer"": [], ""tp"": [], ""fp"": [], ""tn"": [], ""fn"": [], ""num_tp"": 0, ""num_fp"": 0, ""num_tn"": 0, ""num_fn"": 0}, ""mouseover"": {""state"": {""target"": [], ""time"": []}, ""edge"": {""target"": [], ""time"": []}}, ""mouseout"": {""state"": {""target"": [], ""time"": []}, ""edge"": {""target"": [], ""time"": []}}}, ""trialTime"": 22237, ""trial_type"": ""mouselab-mdp"", ""trial_index"": 8, ""time_elapsed"": 262522, ""internal_node_id"": ""0.0-4.0-1.0-0.0""}, {""stateRewards"": ["""", 5, -5, 10, -5, -10, 10, -10, 10, 5, -10, -10, -5], ""trial_id"": 15, ""block"": ""testing"", ""trialIndex"": 2, ""score"": -7, ""expectedScore"": 0, ""expectedRewards"": 0, ""simulationMode"": [], ""rewards"": [], ""path"": [""0""], ""rt"": [], ""delays"": [], ""actions"": [], ""actionTimes"": [], ""queries"": {""preselect"": {""state"": {""target"": [], ""time"": []}, ""clickable"": {""target"": [], ""time"": []}}, ""click"": {""state"": {""target"": [""6"", ""5"", ""2"", ""9"", ""10"", ""8"", ""7""], ""time"": [5347, 10417, 12844, 14625, 16171, 23213, 25345]}, ""edge"": {""target"": [], ""time"": []}, ""clickable"": {""target"": [true, false, false, false, false, true, true], ""time"": [5353, 10419, 12849, 14630, 16176, 23219, 25347]}}, ""flowchart"": {""index"": {""target"": [], ""time"": []}, ""answer"": {""target"": [], ""time"": []}, ""correct"": {""target"": [], ""time"": []}, ""answer_stats"": {""total"": [], ""correct"": []}}, ""quiz_selection"": {""gt"": [], ""answer"": [], ""tp"": [], ""fp"": [], ""tn"": [], ""fn"": [], ""num_tp"": 0, ""num_fp"": 0, ""num_tn"": 0, ""num_fn"": 0}, ""mouseover"": {""state"": {""target"": [], ""time"": []}, ""edge"": {""target"": [], ""time"": []}}, ""mouseout"": {""state"": {""target"": [], ""time"": []}, ""edge"": {""target"": [], ""time"": []}}}, ""trialTime"": 30423, ""trial_type"": ""mouselab-mdp"", ""trial_index"": 9, ""time_elapsed"": 294662, ""internal_node_id"": ""0.0-4.0-1.0-1.0""}, {""stateRewards"": ["""", 5, 10, 5, 10, -10, 10, -10, -10, -5, -10, -10, 10], ""trial_id"": 13, ""block"": ""testing"", ""trialIndex"": 3, ""score"": -5, ""expectedScore"": 0, ""expectedRewards"": 0, ""simulationMode"": [], ""rewards"": [], ""path"": [""0""], ""rt"": [], ""delays"": [], ""actions"": [], ""actionTimes"": [], ""queries"": {""preselect"": {""state"": {""target"": [], ""time"": []}, ""clickable"": {""target"": [], ""time"": []}}, ""click"": {""state"": {""target"": [""5"", ""1"", ""2"", ""4"", ""3""], ""time"": [3209, 4816, 6247, 10163, 11254]}, ""edge"": {""target"": [], ""time"": []}, ""clickable"": {""target"": [true, true, true, true, true], ""time"": [3210, 4822, 6251, 10168, 11256]}}, ""flowchart"": {""index"": {""target"": [], ""time"": []}, ""answer"": {""target"": [], ""time"": []}, ""correct"": {""target"": [], ""time"": []}, ""answer_stats"": {""total"": [], ""correct"": []}}, ""quiz_selection"": {""gt"": [], ""answer"": [], ""tp"": [], ""fp"": [], ""tn"": [], ""fn"": [], ""num_tp"": 0, ""num_fp"": 0, ""num_tn"": 0, ""num_fn"": 0}, ""mouseover"": {""state"": {""target"": [], ""time"": []}, ""edge"": {""target"": [], ""time"": []}}, ""mouseout"": {""state"": {""target"": [], ""time"": []}, ""edge"": {""target"": [], ""time"": []}}}, ""trialTime"": 16767, ""trial_type"": ""mouselab-mdp"", ""trial_index"": 10, ""time_elapsed"": 313336, ""internal_node_id"": ""0.0-4.0-1.0-2.0""}, {""stateRewards"": ["""", 5, -10, 5, -5, 10, 10, 10, 10, 10, -10, -10, 5], ""trial_id"": 46, ""block"": ""testing"", ""trialIndex"": 4, ""score"": -5, ""expectedScore"": 0, ""expectedRewards"": 0, ""simulationMode"": [], ""rewards"": [], ""path"": [""0""], ""rt"": [], ""delays"": [], ""actions"": [], ""actionTimes"": [], ""queries"": {""preselect"": {""state"": {""target"": [], ""time"": []}, ""clickable"": {""target"": [], ""time"": []}}, ""click"": {""state"": {""target"": [""2"", ""10"", ""6"", ""7"", ""8""], ""time"": [3827, 5412, 7166, 10657, 11732]}, ""edge"": {""target"": [], ""time"": []}, ""clickable"": {""target"": [true, true, true, true, true], ""time"": [3828, 5413, 7171, 10663, 11738]}}, ""flowchart"": {""index"": {""target"": [], ""time"": []}, ""answer"": {""target"": [], ""time"": []}, ""correct"": {""target"": [], ""time"": []}, ""answer_stats"": {""total"": [], ""correct"": []}}, ""quiz_selection"": {""gt"": [], ""answer"": [], ""tp"": [], ""fp"": [], ""tn"": [], ""fn"": [], ""num_tp"": 0, ""num_fp"": 0, ""num_tn"": 0, ""num_fn"": 0}, ""mouseover"": {""state"": {""target"": [], ""time"": []}, ""edge"": {""target"": [], ""time"": []}}, ""mouseout"": {""state"": {""target"": [], ""time"": []}, ""edge"": {""target"": [], ""time"": []}}}, ""trialTime"": 16538, ""trial_type"": ""mouselab-mdp"", ""trial_index"": 11, ""time_elapsed"": 331663, ""internal_node_id"": ""0.0-4.0-1.0-3.0""}, {""stateRewards"": ["""", -10, 5, 5, -5, -5, 5, 10, -10, -5, -5, -10, 10], ""trial_id"": 53, ""block"": ""testing"", ""trialIndex"": 5, ""score"": -12, ""expectedScore"": 0, ""expectedRewards"": 0, ""simulationMode"": [], ""rewards"": [], ""path"": [""0""], ""rt"": [], ""delays"": [], ""actions"": [], ""actionTimes"": [], ""queries"": {""preselect"": {""state"": {""target"": [], ""time"": []}, ""clickable"": {""target"": [], ""time"": []}}, ""click"": {""state"": {""target"": [""2"", ""1"", ""9"", ""6"", ""5"", ""7"", ""4"", ""3"", ""8"", ""11"", ""12"", ""10""], ""time"": [3398, 5124, 6742, 8155, 9494, 16010, 17061, 17989, 19091, 19564, 20041, 22816]}, ""edge"": {""target"": [], ""time"": []}, ""clickable"": {""target"": [true, true, true, true, true, false, false, false, false, false, false, false], ""time"": [3402, 5128, 6747, 8160, 9496, 16012, 17066, 17994, 19097, 19569, 20045, 22822]}}, ""flowchart"": {""index"": {""target"": [], ""time"": []}, ""answer"": {""target"": [], ""time"": []}, ""correct"": {""target"": [], ""time"": []}, ""answer_stats"": {""total"": [], ""correct"": []}}, ""quiz_selection"": {""gt"": [], ""answer"": [], ""tp"": [], ""fp"": [], ""tn"": [], ""fn"": [], ""num_tp"": 0, ""num_fp"": 0, ""num_tn"": 0, ""num_fn"": 0}, ""mouseover"": {""state"": {""target"": [], ""time"": []}, ""edge"": {""target"": [], ""time"": []}}, ""mouseout"": {""state"": {""target"": [], ""time"": []}, ""edge"": {""target"": [], ""time"": []}}}, ""trialTime"": 28043, ""trial_type"": ""mouselab-mdp"", ""trial_index"": 12, ""time_elapsed"": 361514, ""internal_node_id"": ""0.0-4.0-1.0-4.0""}, {""stateRewards"": ["""", 5, -5, -10, -5, 10, 5, 5, 5, -10, -10, -10, 5], ""trial_id"": 12, ""block"": ""testing"", ""trialIndex"": 6, ""score"": -8, ""expectedScore"": 0, ""expectedRewards"": 0, ""simulationMode"": [], ""rewards"": [], ""path"": [""0""], ""rt"": [], ""delays"": [], ""actions"": [], ""actionTimes"": [], ""queries"": {""preselect"": {""state"": {""target"": [], ""time"": []}, ""clickable"": {""target"": [], ""time"": []}}, ""click"": {""state"": {""target"": [""2"", ""5"", ""8"", ""7"", ""4"", ""3"", ""11"", ""12""], ""time"": [4554, 6173, 10430, 12257, 13193, 13875, 15050, 15779]}, ""edge"": {""target"": [], ""time"": []}, ""clickable"": {""target"": [true, true, true, true, false, false, false, false], ""time"": [4556, 6178, 10435, 12261, 13195, 13880, 15051, 15783]}}, ""flowchart"": {""index"": {""target"": [], ""time"": []}, ""answer"": {""target"": [], ""time"": []}, ""correct"": {""target"": [], ""time"": []}, ""answer_stats"": {""total"": [], ""correct"": []}}, ""quiz_selection"": {""gt"": [], ""answer"": [], ""tp"": [], ""fp"": [], ""tn"": [], ""fn"": [], ""num_tp"": 0, ""num_fp"": 0, ""num_tn"": 0, ""num_fn"": 0}, ""mouseover"": {""state"": {""target"": [], ""time"": []}, ""edge"": {""target"": [], ""time"": []}}, ""mouseout"": {""state"": {""target"": [], ""time"": []}, ""edge"": {""target"": [], ""time"": []}}}, ""trialTime"": 22995, ""trial_type"": ""mouselab-mdp"", ""trial_index"": 13, ""time_elapsed"": 386402, ""internal_node_id"": ""0.0-4.0-1.0-5.0""}, {""stateRewards"": ["""", 10, -5, 5, -5, 10, 5, 10, 5, -10, -10, 5, -10], ""trial_id"": 11, ""block"": ""testing"", ""trialIndex"": 7, ""score"": -11, ""expectedScore"": 0, ""expectedRewards"": 0, ""simulationMode"": [], ""rewards"": [], ""path"": [""0""], ""rt"": [], ""delays"": [], ""actions"": [], ""actionTimes"": [], ""queries"": {""preselect"": {""state"": {""target"": [], ""time"": []}, ""clickable"": {""target"": [], ""time"": []}}, ""click"": {""state"": {""target"": [""10"", ""2"", ""1"", ""7"", ""8"", ""11"", ""12"", ""4"", ""3"", ""6"", ""5""], ""time"": [2090, 3785, 5590, 8751, 9398, 10087, 10615, 11524, 12012, 14335, 14968]}, ""edge"": {""target"": [], ""time"": []}, ""clickable"": {""target"": [true, true, false, false, false, false, false, true, true, false, false], ""time"": [2096, 3789, 5594, 8752, 9400, 10092, 10620, 11529, 12018, 14340, 14974]}}, ""flowchart"": {""index"": {""target"": [], ""time"": []}, ""answer"": {""target"": [], ""time"": []}, ""correct"": {""target"": [], ""time"": []}, ""answer_stats"": {""total"": [], ""correct"": []}}, ""quiz_selection"": {""gt"": [], ""answer"": [], ""tp"": [], ""fp"": [], ""tn"": [], ""fn"": [], ""num_tp"": 0, ""num_fp"": 0, ""num_tn"": 0, ""num_fn"": 0}, ""mouseover"": {""state"": {""target"": [], ""time"": []}, ""edge"": {""target"": [], ""time"": []}}, ""mouseout"": {""state"": {""target"": [], ""time"": []}, ""edge"": {""target"": [], ""time"": []}}}, ""trialTime"": 20739, ""trial_type"": ""mouselab-mdp"", ""trial_index"": 14, ""time_elapsed"": 408869, ""internal_node_id"": ""0.0-4.0-1.0-6.0""}, {""stateRewards"": ["""", 10, 5, 5, 10, 10, 10, 5, -5, 5, 10, 5, 5], ""trial_id"": 28, ""block"": ""testing"", ""trialIndex"": 8, ""score"": -7, ""expectedScore"": 0, ""expectedRewards"": 0, ""simulationMode"": [], ""rewards"": [], ""path"": [""0""], ""rt"": [], ""delays"": [], ""actions"": [], ""actionTimes"": [], ""queries"": {""preselect"": {""state"": {""target"": [], ""time"": []}, ""clickable"": {""target"": [], ""time"": []}}, ""click"": {""state"": {""target"": [""6"", ""7"", ""8"", ""11"", ""12"", ""4"", ""3""], ""time"": [6440, 9829, 10537, 11195, 11760, 13088, 13159]}, ""edge"": {""target"": [], ""time"": []}, ""clickable"": {""target"": [true, true, true, false, false, false, false], ""time"": [6442, 9831, 10542, 11200, 11761, 13091, 13161]}}, ""flowchart"": {""index"": {""target"": [], ""time"": []}, ""answer"": {""target"": [], ""time"": []}, ""correct"": {""target"": [], ""time"": []}, ""answer_stats"": {""total"": [], ""correct"": []}}, ""quiz_selection"": {""gt"": [], ""answer"": [], ""tp"": [], ""fp"": [], ""tn"": [], ""fn"": [], ""num_tp"": 0, ""num_fp"": 0, ""num_tn"": 0, ""num_fn"": 0}, ""mouseover"": {""state"": {""target"": [], ""time"": []}, ""edge"": {""target"": [], ""time"": []}}, ""mouseout"": {""state"": {""target"": [], ""time"": []}, ""edge"": {""target"": [], ""time"": []}}}, ""trialTime"": 17552, ""trial_type"": ""mouselab-mdp"", ""trial_index"": 15, ""time_elapsed"": 428191, ""internal_node_id"": ""0.0-4.0-1.0-7.0""}, {""stateRewards"": ["""", 5, 5, -10, -10, 10, 5, 5, 5, -5, 10, -5, -10], ""trial_id"": 16, ""block"": ""testing"", ""trialIndex"": 9, ""score"": -8, ""expectedScore"": 0, ""expectedRewards"": 0, ""simulationMode"": [], ""rewards"": [], ""path"": [""0""], ""rt"": [], ""delays"": [], ""actions"": [], ""actionTimes"": [], ""queries"": {""preselect"": {""state"": {""target"": [], ""time"": []}, ""clickable"": {""target"": [], ""time"": []}}, ""click"": {""state"": {""target"": [""10"", ""8"", ""7"", ""4"", ""3"", ""11"", ""12"", ""9""], ""time"": [4221, 7748, 8604, 9161, 9992, 10729, 11370, 13365]}, ""edge"": {""target"": [], ""time"": []}, ""clickable"": {""target"": [true, false, false, false, false, true, true, false], ""time"": [4226, 7753, 8608, 9163, 9993, 10731, 11375, 13370]}}, ""flowchart"": {""index"": {""target"": [], ""time"": []}, ""answer"": {""target"": [], ""time"": []}, ""correct"": {""target"": [], ""time"": []}, ""answer_stats"": {""total"": [], ""correct"": []}}, ""quiz_selection"": {""gt"": [], ""answer"": [], ""tp"": [], ""fp"": [], ""tn"": [], ""fn"": [], ""num_tp"": 0, ""num_fp"": 0, ""num_tn"": 0, ""num_fn"": 0}, ""mouseover"": {""state"": {""target"": [], ""time"": []}, ""edge"": {""target"": [], ""time"": []}}, ""mouseout"": {""state"": {""target"": [], ""time"": []}, ""edge"": {""target"": [], ""time"": []}}}, ""trialTime"": 16811, ""trial_type"": ""mouselab-mdp"", ""trial_index"": 16, ""time_elapsed"": 446873, ""internal_node_id"": ""0.0-4.0-1.0-8.0""}, {""stateRewards"": ["""", -10, 10, 10, 5, -10, -10, 10, 5, -5, 5, 10, -10], ""trial_id"": 34, ""block"": ""testing"", ""trialIndex"": 10, ""score"": -12, ""expectedScore"": 0, ""expectedRewards"": 0, ""simulationMode"": [], ""rewards"": [], ""path"": [""0""], ""rt"": [], ""delays"": [], ""actions"": [], ""actionTimes"": [], ""queries"": {""preselect"": {""state"": {""target"": [], ""time"": []}, ""clickable"": {""target"": [], ""time"": []}}, ""click"": {""state"": {""target"": [""6"", ""1"", ""9"", ""5"", ""10"", ""2"", ""4"", ""7"", ""8"", ""11"", ""12"", ""3""], ""time"": [1688, 3482, 4991, 5806, 7053, 7872, 11087, 11645, 12093, 13080, 13495, 14910]}, ""edge"": {""target"": [], ""time"": []}, ""clickable"": {""target"": [true, true, true, false, true, false, false, false, false, false, false, false], ""time"": [1693, 3486, 4992, 5810, 7054, 7877, 11091, 11650, 12094, 13081, 13500, 14916]}}, ""flowchart"": {""index"": {""target"": [], ""time"": []}, ""answer"": {""target"": [], ""time"": []}, ""correct"": {""target"": [], ""time"": []}, ""answer_stats"": {""total"": [], ""correct"": []}}, ""quiz_selection"": {""gt"": [], ""answer"": [], ""tp"": [], ""fp"": [], ""tn"": [], ""fn"": [], ""num_tp"": 0, ""num_fp"": 0, ""num_tn"": 0, ""num_fn"": 0}, ""mouseover"": {""state"": {""target"": [], ""time"": []}, ""edge"": {""target"": [], ""time"": []}}, ""mouseout"": {""state"": {""target"": [], ""time"": []}, ""edge"": {""target"": [], ""time"": []}}}, ""trialTime"": 18689, ""trial_type"": ""mouselab-mdp"", ""trial_index"": 17, ""time_elapsed"": 467395, ""internal_node_id"": ""0.0-4.0-1.0-9.0""}]"
32,1,instructions1,4,9.6,1,1,22,Female,0,"[{""stateRewards"": ["""", 5, -5, -10, 5, 5, 10, -10, 10, 5, 10, 10, -10], ""trial_id"": 48, ""block"": ""testing"", ""trialIndex"": 1, ""score"": -4, ""expectedScore"": 0, ""expectedRewards"": 0, ""simulationMode"": [], ""rewards"": [], ""path"": [""0""], ""rt"": [], ""delays"": [], ""actions"": [], ""actionTimes"": [], ""queries"": {""preselect"": {""state"": {""target"": [], ""time"": []}, ""clickable"": {""target"": [], ""time"": []}}, ""click"": {""state"": {""target"": [""9"", ""10"", ""12"", ""11""], ""time"": [7972, 9723, 14900, 15660]}, ""edge"": {""target"": [], ""time"": []}, ""clickable"": {""target"": [true, true, true, true], ""time"": [7974, 9726, 14904, 15660]}}, ""flowchart"": {""index"": {""target"": [], ""time"": []}, ""answer"": {""target"": [], ""time"": []}, ""correct"": {""target"": [], ""time"": []}, ""answer_stats"": {""total"": [], ""correct"": []}}, ""quiz_selection"": {""gt"": [], ""answer"": [], ""tp"": [], ""fp"": [], ""tn"": [], ""fn"": [], ""num_tp"": 0, ""num_fp"": 0, ""num_tn"": 0, ""num_fn"": 0}, ""mouseover"": {""state"": {""target"": [], ""time"": []}, ""edge"": {""target"": [], ""time"": []}}, ""mouseout"": {""state"": {""target"": [], ""time"": []}, ""edge"": {""target"": [], ""time"": []}}}, ""trialTime"": 21067, ""trial_type"": ""mouselab-mdp"", ""trial_index"": 8, ""time_elapsed"": 244906, ""internal_node_id"": ""0.0-4.0-1.0-0.0""}, {""stateRewards"": ["""", 10, 5, 5, -10, -10, 10, 5, 5, 10, -5, -10, -10], ""trial_id"": 14, ""block"": ""testing"", ""trialIndex"": 2, ""score"": -3, ""expectedScore"": 0, ""expectedRewards"": 0, ""simulationMode"": [], ""rewards"": [], ""path"": [""0""], ""rt"": [], ""delays"": [], ""actions"": [], ""actionTimes"": [], ""queries"": {""preselect"": {""state"": {""target"": [], ""time"": []}, ""clickable"": {""target"": [], ""time"": []}}, ""click"": {""state"": {""target"": [""9"", ""12"", ""11""], ""time"": [6148, 10033, 10847]}, ""edge"": {""target"": [], ""time"": []}, ""clickable"": {""target"": [true, true, true], ""time"": [6149, 10033, 10848]}}, ""flowchart"": {""index"": {""target"": [], ""time"": []}, ""answer"": {""target"": [], ""time"": []}, ""correct"": {""target"": [], ""time"": []}, ""answer_stats"": {""total"": [], ""correct"": []}}, ""quiz_selection"": {""gt"": [], ""answer"": [], ""tp"": [], ""fp"": [], ""tn"": [], ""fn"": [], ""num_tp"": 0, ""num_fp"": 0, ""num_tn"": 0, ""num_fn"": 0}, ""mouseover"": {""state"": {""target"": [], ""time"": []}, ""edge"": {""target"": [], ""time"": []}}, ""mouseout"": {""state"": {""target"": [], ""time"": []}, ""edge"": {""target"": [], ""time"": []}}}, ""trialTime"": 18820, ""trial_type"": ""mouselab-mdp"", ""trial_index"": 9, ""time_elapsed"": 265035, ""internal_node_id"": ""0.0-4.0-1.0-1.0""}, {""stateRewards"": ["""", -5, 10, 10, -5, 10, -10, 10, 10, -10, 10, -5, 5], ""trial_id"": 23, ""block"": ""testing"", ""trialIndex"": 3, ""score"": -3, ""expectedScore"": 0, ""expectedRewards"": 0, ""simulationMode"": [], ""rewards"": [], ""path"": [""0""], ""rt"": [], ""delays"": [], ""actions"": [], ""actionTimes"": [], ""queries"": {""preselect"": {""state"": {""target"": [], ""time"": []}, ""clickable"": {""target"": [], ""time"": []}}, ""click"": {""state"": {""target"": [""9"", ""5"", ""8""], ""time"": [6219, 7910, 13164]}, ""edge"": {""target"": [], ""time"": []}, ""clickable"": {""target"": [true, true, true], ""time"": [6222, 7914, 13166]}}, ""flowchart"": {""index"": {""target"": [], ""time"": []}, ""answer"": {""target"": [], ""time"": []}, ""correct"": {""target"": [], ""time"": []}, ""answer_stats"": {""total"": [], ""correct"": []}}, ""quiz_selection"": {""gt"": [], ""answer"": [], ""tp"": [], ""fp"": [], ""tn"": [], ""fn"": [], ""num_tp"": 0, ""num_fp"": 0, ""num_tn"": 0, ""num_fn"": 0}, ""mouseover"": {""state"": {""target"": [], ""time"": []}, ""edge"": {""target"": [], ""time"": []}}, ""mouseout"": {""state"": {""target"": [], ""time"": []}, ""edge"": {""target"": [], ""time"": []}}}, ""trialTime"": 19598, ""trial_type"": ""mouselab-mdp"", ""trial_index"": 10, ""time_elapsed"": 285923, ""internal_node_id"": ""0.0-4.0-1.0-2.0""}, {""stateRewards"": ["""", 10, 5, -5, 5, -10, -10, 10, 10, -10, 10, -10, 5], ""trial_id"": 29, ""block"": ""testing"", ""trialIndex"": 4, ""score"": -5, ""expectedScore"": 0, ""expectedRewards"": 0, ""simulationMode"": [], ""rewards"": [], ""path"": [""0""], ""rt"": [], ""delays"": [], ""actions"": [], ""actionTimes"": [], ""queries"": {""preselect"": {""state"": {""target"": [], ""time"": []}, ""clickable"": {""target"": [], ""time"": []}}, ""click"": {""state"": {""target"": [""9"", ""5"", ""1"", ""4"", ""3""], ""time"": [3007, 4880, 6356, 9884, 11423]}, ""edge"": {""target"": [], ""time"": []}, ""clickable"": {""target"": [true, true, true, true, true], ""time"": [3010, 4884, 6359, 9885, 11425]}}, ""flowchart"": {""index"": {""target"": [], ""time"": []}, ""answer"": {""target"": [], ""time"": []}, ""correct"": {""target"": [], ""time"": []}, ""answer_stats"": {""total"": [], ""correct"": []}}, ""quiz_selection"": {""gt"": [], ""answer"": [], ""tp"": [], ""fp"": [], ""tn"": [], ""fn"": [], ""num_tp"": 0, ""num_fp"": 0, ""num_tn"": 0, ""num_fn"": 0}, ""mouseover"": {""state"": {""target"": [], ""time"": []}, ""edge"": {""target"": [], ""time"": []}}, ""mouseout"": {""state"": {""target"": [], ""time"": []}, ""edge"": {""target"": [], ""time"": []}}}, ""trialTime"": 18220, ""trial_type"": ""mouselab-mdp"", ""trial_index"": 11, ""time_elapsed"": 305468, ""internal_node_id"": ""0.0-4.0-1.0-3.0""}, {""stateRewards"": ["""", 5, -5, 5, -10, 5, -5, 10, -5, -10, -10, -5, -10], ""trial_id"": 35, ""block"": ""testing"", ""trialIndex"": 5, ""score"": -6, ""expectedScore"": 0, ""expectedRewards"": 0, ""simulationMode"": [], ""rewards"": [], ""path"": [""0""], ""rt"": [], ""delays"": [], ""actions"": [], ""actionTimes"": [], ""queries"": {""preselect"": {""state"": {""target"": [], ""time"": []}, ""clickable"": {""target"": [], ""time"": []}}, ""click"": {""state"": {""target"": [""9"", ""5"", ""6"", ""1"", ""2"", ""10""], ""time"": [3755, 4889, 6881, 8063, 8969, 33514]}, ""edge"": {""target"": [], ""time"": []}, ""clickable"": {""target"": [true, true, true, true, true, false], ""time"": [3756, 4890, 6882, 8065, 8970, 33515]}}, ""flowchart"": {""index"": {""target"": [], ""time"": []}, ""answer"": {""target"": [], ""time"": []}, ""correct"": {""target"": [], ""time"": []}, ""answer_stats"": {""total"": [], ""correct"": []}}, ""quiz_selection"": {""gt"": [], ""answer"": [], ""tp"": [], ""fp"": [], ""tn"": [], ""fn"": [], ""num_tp"": 0, ""num_fp"": 0, ""num_tn"": 0, ""num_fn"": 0}, ""mouseover"": {""state"": {""target"": [], ""time"": []}, ""edge"": {""target"": [], ""time"": []}}, ""mouseout"": {""state"": {""target"": [], ""time"": []}, ""edge"": {""target"": [], ""time"": []}}}, ""trialTime"": 58273, ""trial_type"": ""mouselab-mdp"", ""trial_index"": 12, ""time_elapsed"": 365051, ""internal_node_id"": ""0.0-4.0-1.0-4.0""}, {""stateRewards"": ["""", 10, -10, 10, -5, 10, 5, 5, -5, 10, -5, -10, -10], ""trial_id"": 0, ""block"": ""testing"", ""trialIndex"": 6, ""score"": -3, ""expectedScore"": 0, ""expectedRewards"": 0, ""simulationMode"": [], ""rewards"": [], ""path"": [""0""], ""rt"": [], ""delays"": [], ""actions"": [], ""actionTimes"": [], ""queries"": {""preselect"": {""state"": {""target"": [], ""time"": []}, ""clickable"": {""target"": [], ""time"": []}}, ""click"": {""state"": {""target"": [""9"", ""12"", ""11""], ""time"": [4685, 8585, 10184]}, ""edge"": {""target"": [], ""time"": []}, ""clickable"": {""target"": [true, true, true], ""time"": [4686, 8586, 10185]}}, ""flowchart"": {""index"": {""target"": [], ""time"": []}, ""answer"": {""target"": [], ""time"": []}, ""correct"": {""target"": [], ""time"": []}, ""answer_stats"": {""total"": [], ""correct"": []}}, ""quiz_selection"": {""gt"": [], ""answer"": [], ""tp"": [], ""fp"": [], ""tn"": [], ""fn"": [], ""num_tp"": 0, ""num_fp"": 0, ""num_tn"": 0, ""num_fn"": 0}, ""mouseover"": {""state"": {""target"": [], ""time"": []}, ""edge"": {""target"": [], ""time"": []}}, ""mouseout"": {""state"": {""target"": [], ""time"": []}, ""edge"": {""target"": [], ""time"": []}}}, ""trialTime"": 15296, ""trial_type"": ""mouselab-mdp"", ""trial_index"": 13, ""time_elapsed"": 382188, ""internal_node_id"": ""0.0-4.0-1.0-5.0""}, {""stateRewards"": ["""", 10, -10, 10, 5, 5, -10, -10, 10, -10, -5, 5, 10], ""trial_id"": 38, ""block"": ""testing"", ""trialIndex"": 7, ""score"": -4, ""expectedScore"": 0, ""expectedRewards"": 0, ""simulationMode"": [], ""rewards"": [], ""path"": [""0""], ""rt"": [], ""delays"": [], ""actions"": [], ""actionTimes"": [], ""queries"": {""preselect"": {""state"": {""target"": [], ""time"": []}, ""clickable"": {""target"": [], ""time"": []}}, ""click"": {""state"": {""target"": [""9"", ""5"", ""6"", ""2""], ""time"": [2737, 4609, 6227, 9252]}, ""edge"": {""target"": [], ""time"": []}, ""clickable"": {""target"": [true, true, true, true], ""time"": [2738, 4611, 6228, 9253]}}, ""flowchart"": {""index"": {""target"": [], ""time"": []}, ""answer"": {""target"": [], ""time"": []}, ""correct"": {""target"": [], ""time"": []}, ""answer_stats"": {""total"": [], ""correct"": []}}, ""quiz_selection"": {""gt"": [], ""answer"": [], ""tp"": [], ""fp"": [], ""tn"": [], ""fn"": [], ""num_tp"": 0, ""num_fp"": 0, ""num_tn"": 0, ""num_fn"": 0}, ""mouseover"": {""state"": {""target"": [], ""time"": []}, ""edge"": {""target"": [], ""time"": []}}, ""mouseout"": {""state"": {""target"": [], ""time"": []}, ""edge"": {""target"": [], ""time"": []}}}, ""trialTime"": 29961, ""trial_type"": ""mouselab-mdp"", ""trial_index"": 14, ""time_elapsed"": 413483, ""internal_node_id"": ""0.0-4.0-1.0-6.0""}, {""stateRewards"": ["""", -5, -10, 5, 10, 5, -10, -10, 10, -10, 5, -5, -5], ""trial_id"": 3, ""block"": ""testing"", ""trialIndex"": 8, ""score"": -5, ""expectedScore"": 0, ""expectedRewards"": 0, ""simulationMode"": [], ""rewards"": [], ""path"": [""0""], ""rt"": [], ""delays"": [], ""actions"": [], ""actionTimes"": [], ""queries"": {""preselect"": {""state"": {""target"": [], ""time"": []}, ""clickable"": {""target"": [], ""time"": []}}, ""click"": {""state"": {""target"": [""9"", ""5"", ""6"", ""1"", ""2""], ""time"": [3272, 4686, 5617, 6711, 8047]}, ""edge"": {""target"": [], ""time"": []}, ""clickable"": {""target"": [true, true, true, true, true], ""time"": [3275, 4686, 5618, 6712, 8048]}}, ""flowchart"": {""index"": {""target"": [], ""time"": []}, ""answer"": {""target"": [], ""time"": []}, ""correct"": {""target"": [], ""time"": []}, ""answer_stats"": {""total"": [], ""correct"": []}}, ""quiz_selection"": {""gt"": [], ""answer"": [], ""tp"": [], ""fp"": [], ""tn"": [], ""fn"": [], ""num_tp"": 0, ""num_fp"": 0, ""num_tn"": 0, ""num_fn"": 0}, ""mouseover"": {""state"": {""target"": [], ""time"": []}, ""edge"": {""target"": [], ""time"": []}}, ""mouseout"": {""state"": {""target"": [], ""time"": []}, ""edge"": {""target"": [], ""time"": []}}}, ""trialTime"": 20590, ""trial_type"": ""mouselab-mdp"", ""trial_index"": 15, ""time_elapsed"": 435396, ""internal_node_id"": ""0.0-4.0-1.0-7.0""}, {""stateRewards"": ["""", 10, -5, -10, -5, -5, 5, 5, -10, 5, 10, -5, -5], ""trial_id"": 39, ""block"": ""testing"", ""trialIndex"": 9, ""score"": -3, ""expectedScore"": 0, ""expectedRewards"": 0, ""simulationMode"": [], ""rewards"": [], ""path"": [""0""], ""rt"": [], ""delays"": [], ""actions"": [], ""actionTimes"": [], ""queries"": {""preselect"": {""state"": {""target"": [], ""time"": []}, ""clickable"": {""target"": [], ""time"": []}}, ""click"": {""state"": {""target"": [""10"", ""12"", ""11""], ""time"": [2753, 7198, 7737]}, ""edge"": {""target"": [], ""time"": []}, ""clickable"": {""target"": [true, true, true], ""time"": [2755, 7199, 7738]}}, ""flowchart"": {""index"": {""target"": [], ""time"": []}, ""answer"": {""target"": [], ""time"": []}, ""correct"": {""target"": [], ""time"": []}, ""answer_stats"": {""total"": [], ""correct"": []}}, ""quiz_selection"": {""gt"": [], ""answer"": [], ""tp"": [], ""fp"": [], ""tn"": [], ""fn"": [], ""num_tp"": 0, ""num_fp"": 0, ""num_tn"": 0, ""num_fn"": 0}, ""mouseover"": {""state"": {""target"": [], ""time"": []}, ""edge"": {""target"": [], ""time"": []}}, ""mouseout"": {""state"": {""target"": [], ""time"": []}, ""edge"": {""target"": [], ""time"": []}}}, ""trialTime"": 12400, ""trial_type"": ""mouselab-mdp"", ""trial_index"": 16, ""time_elapsed"": 449114, ""internal_node_id"": ""0.0-4.0-1.0-8.0""}, {""stateRewards"": ["""", 5, -10, 5, -5, 5, -10, -5, 5, -10, 5, 10, -10], ""trial_id"": 8, ""block"": ""testing"", ""trialIndex"": 10, ""score"": -4, ""expectedScore"": 0, ""expectedRewards"": 0, ""simulationMode"": [], ""rewards"": [], ""path"": [""0""], ""rt"": [], ""delays"": [], ""actions"": [], ""actionTimes"": [], ""queries"": {""preselect"": {""state"": {""target"": [], ""time"": []}, ""clickable"": {""target"": [], ""time"": []}}, ""click"": {""state"": {""target"": [""10"", ""9"", ""6"", ""2""], ""time"": [1693, 4773, 6145, 7610]}, ""edge"": {""target"": [], ""time"": []}, ""clickable"": {""target"": [true, true, true, true], ""time"": [1696, 4777, 6147, 7611]}}, ""flowchart"": {""index"": {""target"": [], ""time"": []}, ""answer"": {""target"": [], ""time"": []}, ""correct"": {""target"": [], ""time"": []}, ""answer_stats"": {""total"": [], ""correct"": []}}, ""quiz_selection"": {""gt"": [], ""answer"": [], ""tp"": [], ""fp"": [], ""tn"": [], ""fn"": [], ""num_tp"": 0, ""num_fp"": 0, ""num_tn"": 0, ""num_fn"": 0}, ""mouseover"": {""state"": {""target"": [], ""time"": []}, ""edge"": {""target"": [], ""time"": []}}, ""mouseout"": {""state"": {""target"": [], ""time"": []}, ""edge"": {""target"": [], ""time"": []}}}, ""trialTime"": 22046, ""trial_type"": ""mouselab-mdp"", ""trial_index"": 17, ""time_elapsed"": 472473, ""internal_node_id"": ""0.0-4.0-1.0-9.0""}]"
33,1,instructions1,4,10.7,1,3,36,female,0,"[{""stateRewards"": ["""", 10, 5, 5, -10, -10, 10, 5, 5, 10, -5, -10, -10], ""trial_id"": 14, ""block"": ""testing"", ""trialIndex"": 1, ""score"": -7, ""expectedScore"": 0, ""expectedRewards"": 0, ""simulationMode"": [], ""rewards"": [], ""path"": [""0""], ""rt"": [], ""delays"": [], ""actions"": [], ""actionTimes"": [], ""queries"": {""preselect"": {""state"": {""target"": [], ""time"": []}, ""clickable"": {""target"": [], ""time"": []}}, ""click"": {""state"": {""target"": [""9"", ""12"", ""11"", ""6"", ""8"", ""7"", ""5""], ""time"": [14521, 22161, 25495, 33371, 38046, 42131, 46100]}, ""edge"": {""target"": [], ""time"": []}, ""clickable"": {""target"": [true, true, true, false, false, false, false], ""time"": [14523, 22163, 25497, 33372, 38048, 42132, 46101]}}, ""flowchart"": {""index"": {""target"": [], ""time"": []}, ""answer"": {""target"": [], ""time"": []}, ""correct"": {""target"": [], ""time"": []}, ""answer_stats"": {""total"": [], ""correct"": []}}, ""quiz_selection"": {""gt"": [], ""answer"": [], ""tp"": [], ""fp"": [], ""tn"": [], ""fn"": [], ""num_tp"": 0, ""num_fp"": 0, ""num_tn"": 0, ""num_fn"": 0}, ""mouseover"": {""state"": {""target"": [], ""time"": []}, ""edge"": {""target"": [], ""time"": []}}, ""mouseout"": {""state"": {""target"": [], ""time"": []}, ""edge"": {""target"": [], ""time"": []}}}, ""trialTime"": 57262, ""trial_type"": ""mouselab-mdp"", ""trial_index"": 12, ""time_elapsed"": 364527, ""internal_node_id"": ""0.0-4.0-1.0-0.0""}, {""stateRewards"": ["""", -5, -10, 10, -5, 10, -10, 10, 10, -5, 10, -5, -10], ""trial_id"": 40, ""block"": ""testing"", ""trialIndex"": 2, ""score"": -6, ""expectedScore"": 0, ""expectedRewards"": 0, ""simulationMode"": [], ""rewards"": [], ""path"": [""0""], ""rt"": [], ""delays"": [], ""actions"": [], ""actionTimes"": [], ""queries"": {""preselect"": {""state"": {""target"": [], ""time"": []}, ""clickable"": {""target"": [], ""time"": []}}, ""click"": {""state"": {""target"": [""6"", ""2"", ""10"", ""12"", ""11"", ""9""], ""time"": [5083, 7103, 9014, 13644, 14810, 19302]}, ""edge"": {""target"": [], ""time"": []}, ""clickable"": {""target"": [true, true, true, true, true, false], ""time"": [5086, 7105, 9016, 13646, 14811, 19303]}}, ""flowchart"": {""index"": {""target"": [], ""time"": []}, ""answer"": {""target"": [], ""time"": []}, ""correct"": {""target"": [], ""time"": []}, ""answer_stats"": {""total"": [], ""correct"": []}}, ""quiz_selection"": {""gt"": [], ""answer"": [], ""tp"": [], ""fp"": [], ""tn"": [], ""fn"": [], ""num_tp"": 0, ""num_fp"": 0, ""num_tn"": 0, ""num_fn"": 0}, ""mouseover"": {""state"": {""target"": [], ""time"": []}, ""edge"": {""target"": [], ""time"": []}}, ""mouseout"": {""state"": {""target"": [], ""time"": []}, ""edge"": {""target"": [], ""time"": []}}}, ""trialTime"": 26390, ""trial_type"": ""mouselab-mdp"", ""trial_index"": 13, ""time_elapsed"": 392774, ""internal_node_id"": ""0.0-4.0-1.0-1.0""}, {""stateRewards"": ["""", -5, -5, 5, -10, -5, 5, -5, -5, 5, -10, -5, 10], ""trial_id"": 6, ""block"": ""testing"", ""trialIndex"": 3, ""score"": -5, ""expectedScore"": 0, ""expectedRewards"": 0, ""simulationMode"": [], ""rewards"": [], ""path"": [""0""], ""rt"": [], ""delays"": [], ""actions"": [], ""actionTimes"": [], ""queries"": {""preselect"": {""state"": {""target"": [], ""time"": []}, ""clickable"": {""target"": [], ""time"": []}}, ""click"": {""state"": {""target"": [""9"", ""10"", ""2"", ""6"", ""5""], ""time"": [3314, 5525, 7213, 8527, 9898]}, ""edge"": {""target"": [], ""time"": []}, ""clickable"": {""target"": [true, true, true, true, true], ""time"": [3316, 5527, 7214, 8528, 9899]}}, ""flowchart"": {""index"": {""target"": [], ""time"": []}, ""answer"": {""target"": [], ""time"": []}, ""correct"": {""target"": [], ""time"": []}, ""answer_stats"": {""total"": [], ""correct"": []}}, ""quiz_selection"": {""gt"": [], ""answer"": [], ""tp"": [], ""fp"": [], ""tn"": [], ""fn"": [], ""num_tp"": 0, ""num_fp"": 0, ""num_tn"": 0, ""num_fn"": 0}, ""mouseover"": {""state"": {""target"": [], ""time"": []}, ""edge"": {""target"": [], ""time"": []}}, ""mouseout"": {""state"": {""target"": [], ""time"": []}, ""edge"": {""target"": [], ""time"": []}}}, ""trialTime"": 19899, ""trial_type"": ""mouselab-mdp"", ""trial_index"": 14, ""time_elapsed"": 413951, ""internal_node_id"": ""0.0-4.0-1.0-2.0""}, {""stateRewards"": ["""", 10, -10, -10, -5, -10, 10, -10, -5, 10, 10, 5, -5], ""trial_id"": 7, ""block"": ""testing"", ""trialIndex"": 4, ""score"": -9, ""expectedScore"": 0, ""expectedRewards"": 0, ""simulationMode"": [], ""rewards"": [], ""path"": [""0""], ""rt"": [], ""delays"": [], ""actions"": [], ""actionTimes"": [], ""queries"": {""preselect"": {""state"": {""target"": [], ""time"": []}, ""clickable"": {""target"": [], ""time"": []}}, ""click"": {""state"": {""target"": [""1"", ""4"", ""3"", ""2"", ""5"", ""10"", ""12"", ""11"", ""9""], ""time"": [6198, 13091, 15221, 24785, 28936, 32322, 36171, 36890, 38339]}, ""edge"": {""target"": [], ""time"": []}, ""clickable"": {""target"": [true, true, true, false, false, false, false, false, false], ""time"": [6200, 13093, 15223, 24786, 28938, 32324, 36173, 36892, 38340]}}, ""flowchart"": {""index"": {""target"": [], ""time"": []}, ""answer"": {""target"": [], ""time"": []}, ""correct"": {""target"": [], ""time"": []}, ""answer_stats"": {""total"": [], ""correct"": []}}, ""quiz_selection"": {""gt"": [], ""answer"": [], ""tp"": [], ""fp"": [], ""tn"": [], ""fn"": [], ""num_tp"": 0, ""num_fp"": 0, ""num_tn"": 0, ""num_fn"": 0}, ""mouseover"": {""state"": {""target"": [], ""time"": []}, ""edge"": {""target"": [], ""time"": []}}, ""mouseout"": {""state"": {""target"": [], ""time"": []}, ""edge"": {""target"": [], ""time"": []}}}, ""trialTime"": 43379, ""trial_type"": ""mouselab-mdp"", ""trial_index"": 15, ""time_elapsed"": 458604, ""internal_node_id"": ""0.0-4.0-1.0-3.0""}, {""stateRewards"": ["""", 10, 10, 10, 10, 5, 5, 10, 5, -5, 5, 5, 5], ""trial_id"": 18, ""block"": ""testing"", ""trialIndex"": 5, ""score"": -4, ""expectedScore"": 0, ""expectedRewards"": 0, ""simulationMode"": [], ""rewards"": [], ""path"": [""0""], ""rt"": [], ""delays"": [], ""actions"": [], ""actionTimes"": [], ""queries"": {""preselect"": {""state"": {""target"": [], ""time"": []}, ""clickable"": {""target"": [], ""time"": []}}, ""click"": {""state"": {""target"": [""1"", ""3"", ""4"", ""2""], ""time"": [2280, 6502, 9570, 14920]}, ""edge"": {""target"": [], ""time"": []}, ""clickable"": {""target"": [true, true, true, false], ""time"": [2282, 6504, 9572, 14922]}}, ""flowchart"": {""index"": {""target"": [], ""time"": []}, ""answer"": {""target"": [], ""time"": []}, ""correct"": {""target"": [], ""time"": []}, ""answer_stats"": {""total"": [], ""correct"": []}}, ""quiz_selection"": {""gt"": [], ""answer"": [], ""tp"": [], ""fp"": [], ""tn"": [], ""fn"": [], ""num_tp"": 0, ""num_fp"": 0, ""num_tn"": 0, ""num_fn"": 0}, ""mouseover"": {""state"": {""target"": [], ""time"": []}, ""edge"": {""target"": [], ""time"": []}}, ""mouseout"": {""state"": {""target"": [], ""time"": []}, ""edge"": {""target"": [], ""time"": []}}}, ""trialTime"": 19106, ""trial_type"": ""mouselab-mdp"", ""trial_index"": 16, ""time_elapsed"": 479499, ""internal_node_id"": ""0.0-4.0-1.0-4.0""}, {""stateRewards"": ["""", 10, 5, -5, 5, -10, -10, 10, 10, -10, 10, -10, 5], ""trial_id"": 29, ""block"": ""testing"", ""trialIndex"": 6, ""score"": -4, ""expectedScore"": 0, ""expectedRewards"": 0, ""simulationMode"": [], ""rewards"": [], ""path"": [""0""], ""rt"": [], ""delays"": [], ""actions"": [], ""actionTimes"": [], ""queries"": {""preselect"": {""state"": {""target"": [], ""time"": []}, ""clickable"": {""target"": [], ""time"": []}}, ""click"": {""state"": {""target"": [""1"", ""3"", ""4"", ""2""], ""time"": [3176, 5640, 6640, 9044]}, ""edge"": {""target"": [], ""time"": []}, ""clickable"": {""target"": [true, true, true, false], ""time"": [3178, 5641, 6642, 9046]}}, ""flowchart"": {""index"": {""target"": [], ""time"": []}, ""answer"": {""target"": [], ""time"": []}, ""correct"": {""target"": [], ""time"": []}, ""answer_stats"": {""total"": [], ""correct"": []}}, ""quiz_selection"": {""gt"": [], ""answer"": [], ""tp"": [], ""fp"": [], ""tn"": [], ""fn"": [], ""num_tp"": 0, ""num_fp"": 0, ""num_tn"": 0, ""num_fn"": 0}, ""mouseover"": {""state"": {""target"": [], ""time"": []}, ""edge"": {""target"": [], ""time"": []}}, ""mouseout"": {""state"": {""target"": [], ""time"": []}, ""edge"": {""target"": [], ""time"": []}}}, ""trialTime"": 14294, ""trial_type"": ""mouselab-mdp"", ""trial_index"": 17, ""time_elapsed"": 495058, ""internal_node_id"": ""0.0-4.0-1.0-5.0""}, {""stateRewards"": ["""", 5, -5, -10, 5, 10, -5, -5, -10, -5, -10, -5, 10], ""trial_id"": 37, ""block"": ""testing"", ""trialIndex"": 7, ""score"": -6, ""expectedScore"": 0, ""expectedRewards"": 0, ""simulationMode"": [], ""rewards"": [], ""path"": [""0""], ""rt"": [], ""delays"": [], ""actions"": [], ""actionTimes"": [], ""queries"": {""preselect"": {""state"": {""target"": [], ""time"": []}, ""clickable"": {""target"": [], ""time"": []}}, ""click"": {""state"": {""target"": [""10"", ""2"", ""6"", ""5"", ""8"", ""7""], ""time"": [1499, 3098, 4820, 6224, 8415, 9399]}, ""edge"": {""target"": [], ""time"": []}, ""clickable"": {""target"": [true, true, true, true, true, true], ""time"": [1500, 3099, 4822, 6225, 8417, 9400]}}, ""flowchart"": {""index"": {""target"": [], ""time"": []}, ""answer"": {""target"": [], ""time"": []}, ""correct"": {""target"": [], ""time"": []}, ""answer_stats"": {""total"": [], ""correct"": []}}, ""quiz_selection"": {""gt"": [], ""answer"": [], ""tp"": [], ""fp"": [], ""tn"": [], ""fn"": [], ""num_tp"": 0, ""num_fp"": 0, ""num_tn"": 0, ""num_fn"": 0}, ""mouseover"": {""state"": {""target"": [], ""time"": []}, ""edge"": {""target"": [], ""time"": []}}, ""mouseout"": {""state"": {""target"": [], ""time"": []}, ""edge"": {""target"": [], ""time"": []}}}, ""trialTime"": 13222, ""trial_type"": ""mouselab-mdp"", ""trial_index"": 18, ""time_elapsed"": 509634, ""internal_node_id"": ""0.0-4.0-1.0-6.0""}, {""stateRewards"": ["""", 10, -5, -10, -5, -5, 5, 5, -10, 5, 10, -5, -5], ""trial_id"": 39, ""block"": ""testing"", ""trialIndex"": 8, ""score"": -4, ""expectedScore"": 0, ""expectedRewards"": 0, ""simulationMode"": [], ""rewards"": [], ""path"": [""0""], ""rt"": [], ""delays"": [], ""actions"": [], ""actionTimes"": [], ""queries"": {""preselect"": {""state"": {""target"": [], ""time"": []}, ""clickable"": {""target"": [], ""time"": []}}, ""click"": {""state"": {""target"": [""9"", ""10"", ""12"", ""11""], ""time"": [2321, 3755, 5599, 6539]}, ""edge"": {""target"": [], ""time"": []}, ""clickable"": {""target"": [true, true, true, true], ""time"": [2323, 3757, 5600, 6540]}}, ""flowchart"": {""index"": {""target"": [], ""time"": []}, ""answer"": {""target"": [], ""time"": []}, ""correct"": {""target"": [], ""time"": []}, ""answer_stats"": {""total"": [], ""correct"": []}}, ""quiz_selection"": {""gt"": [], ""answer"": [], ""tp"": [], ""fp"": [], ""tn"": [], ""fn"": [], ""num_tp"": 0, ""num_fp"": 0, ""num_tn"": 0, ""num_fn"": 0}, ""mouseover"": {""state"": {""target"": [], ""time"": []}, ""edge"": {""target"": [], ""time"": []}}, ""mouseout"": {""state"": {""target"": [], ""time"": []}, ""edge"": {""target"": [], ""time"": []}}}, ""trialTime"": 12631, ""trial_type"": ""mouselab-mdp"", ""trial_index"": 19, ""time_elapsed"": 523537, ""internal_node_id"": ""0.0-4.0-1.0-7.0""}, {""stateRewards"": ["""", -5, -5, 5, -10, 10, -5, -5, -10, -10, -5, 5, -5], ""trial_id"": 22, ""block"": ""testing"", ""trialIndex"": 9, ""score"": -6, ""expectedScore"": 0, ""expectedRewards"": 0, ""simulationMode"": [], ""rewards"": [], ""path"": [""0""], ""rt"": [], ""delays"": [], ""actions"": [], ""actionTimes"": [], ""queries"": {""preselect"": {""state"": {""target"": [], ""time"": []}, ""clickable"": {""target"": [], ""time"": []}}, ""click"": {""state"": {""target"": [""9"", ""2"", ""6"", ""5"", ""8"", ""7""], ""time"": [2388, 3494, 4246, 5439, 7692, 15539]}, ""edge"": {""target"": [], ""time"": []}, ""clickable"": {""target"": [true, true, true, true, true, true], ""time"": [2390, 3495, 4247, 5441, 7694, 15544]}}, ""flowchart"": {""index"": {""target"": [], ""time"": []}, ""answer"": {""target"": [], ""time"": []}, ""correct"": {""target"": [], ""time"": []}, ""answer_stats"": {""total"": [], ""correct"": []}}, ""quiz_selection"": {""gt"": [], ""answer"": [], ""tp"": [], ""fp"": [], ""tn"": [], ""fn"": [], ""num_tp"": 0, ""num_fp"": 0, ""num_tn"": 0, ""num_fn"": 0}, ""mouseover"": {""state"": {""target"": [], ""time"": []}, ""edge"": {""target"": [], ""time"": []}}, ""mouseout"": {""state"": {""target"": [], ""time"": []}, ""edge"": {""target"": [], ""time"": []}}}, ""trialTime"": 19159, ""trial_type"": ""mouselab-mdp"", ""trial_index"": 20, ""time_elapsed"": 543960, ""internal_node_id"": ""0.0-4.0-1.0-8.0""}, {""stateRewards"": ["""", 10, -5, -5, 10, 5, -10, 10, -10, 5, -10, -10, -10], ""trial_id"": 24, ""block"": ""testing"", ""trialIndex"": 10, ""score"": -7, ""expectedScore"": 0, ""expectedRewards"": 0, ""simulationMode"": [], ""rewards"": [], ""path"": [""0""], ""rt"": [], ""delays"": [], ""actions"": [], ""actionTimes"": [], ""queries"": {""preselect"": {""state"": {""target"": [], ""time"": []}, ""clickable"": {""target"": [], ""time"": []}}, ""click"": {""state"": {""target"": [""9"", ""10"", ""6"", ""2"", ""1"", ""4"", ""3""], ""time"": [3699, 4881, 6307, 7405, 9557, 10575, 12281]}, ""edge"": {""target"": [], ""time"": []}, ""clickable"": {""target"": [true, true, true, true, true, true, true], ""time"": [3700, 4883, 6309, 7406, 9559, 10577, 12283]}}, ""flowchart"": {""index"": {""target"": [], ""time"": []}, ""answer"": {""target"": [], ""time"": []}, ""correct"": {""target"": [], ""time"": []}, ""answer_stats"": {""total"": [], ""correct"": []}}, ""quiz_selection"": {""gt"": [], ""answer"": [], ""tp"": [], ""fp"": [], ""tn"": [], ""fn"": [], ""num_tp"": 0, ""num_fp"": 0, ""num_tn"": 0, ""num_fn"": 0}, ""mouseover"": {""state"": {""target"": [], ""time"": []}, ""edge"": {""target"": [], ""time"": []}}, ""mouseout"": {""state"": {""target"": [], ""time"": []}, ""edge"": {""target"": [], ""time"": []}}}, ""trialTime"": 16379, ""trial_type"": ""mouselab-mdp"", ""trial_index"": 21, ""time_elapsed"": 561608, ""internal_node_id"": ""0.0-4.0-1.0-9.0""}]"
34,1,instructions1,4,8.5,1,1,45,female,0,"[{""stateRewards"": ["""", 10, -5, 5, 10, 5, -5, -5, 5, -10, 10, 5, 10], ""trial_id"": 44, ""block"": ""testing"", ""trialIndex"": 1, ""score"": -5, ""expectedScore"": 0, ""expectedRewards"": 0, ""simulationMode"": [], ""rewards"": [], ""path"": [""0""], ""rt"": [], ""delays"": [], ""actions"": [], ""actionTimes"": [], ""queries"": {""preselect"": {""state"": {""target"": [], ""time"": []}, ""clickable"": {""target"": [], ""time"": []}}, ""click"": {""state"": {""target"": [""5"", ""6"", ""1"", ""3"", ""4""], ""time"": [9806, 11431, 13363, 29796, 32217]}, ""edge"": {""target"": [], ""time"": []}, ""clickable"": {""target"": [true, true, true, true, true], ""time"": [9808, 11432, 13364, 29797, 32217]}}, ""flowchart"": {""index"": {""target"": [], ""time"": []}, ""answer"": {""target"": [], ""time"": []}, ""correct"": {""target"": [], ""time"": []}, ""answer_stats"": {""total"": [], ""correct"": []}}, ""quiz_selection"": {""gt"": [], ""answer"": [], ""tp"": [], ""fp"": [], ""tn"": [], ""fn"": [], ""num_tp"": 0, ""num_fp"": 0, ""num_tn"": 0, ""num_fn"": 0}, ""mouseover"": {""state"": {""target"": [], ""time"": []}, ""edge"": {""target"": [], ""time"": []}}, ""mouseout"": {""state"": {""target"": [], ""time"": []}, ""edge"": {""target"": [], ""time"": []}}}, ""trialTime"": 41600, ""trial_type"": ""mouselab-mdp"", ""trial_index"": 8, ""time_elapsed"": 255384, ""internal_node_id"": ""0.0-4.0-1.0-0.0""}, {""stateRewards"": ["""", -10, -10, -10, 10, 10, 10, -10, 5, 5, -10, -5, 10], ""trial_id"": 19, ""block"": ""testing"", ""trialIndex"": 2, ""score"": -3, ""expectedScore"": 0, ""expectedRewards"": 0, ""simulationMode"": [], ""rewards"": [], ""path"": [""0""], ""rt"": [], ""delays"": [], ""actions"": [], ""actionTimes"": [], ""queries"": {""preselect"": {""state"": {""target"": [], ""time"": []}, ""clickable"": {""target"": [], ""time"": []}}, ""click"": {""state"": {""target"": [""5"", ""7"", ""8""], ""time"": [5906, 12457, 14887]}, ""edge"": {""target"": [], ""time"": []}, ""clickable"": {""target"": [true, true, true], ""time"": [5907, 12457, 14887]}}, ""flowchart"": {""index"": {""target"": [], ""time"": []}, ""answer"": {""target"": [], ""time"": []}, ""correct"": {""target"": [], ""time"": []}, ""answer_stats"": {""total"": [], ""correct"": []}}, ""quiz_selection"": {""gt"": [], ""answer"": [], ""tp"": [], ""fp"": [], ""tn"": [], ""fn"": [], ""num_tp"": 0, ""num_fp"": 0, ""num_tn"": 0, ""num_fn"": 0}, ""mouseover"": {""state"": {""target"": [], ""time"": []}, ""edge"": {""target"": [], ""time"": []}}, ""mouseout"": {""state"": {""target"": [], ""time"": []}, ""edge"": {""target"": [], ""time"": []}}}, ""trialTime"": 20628, ""trial_type"": ""mouselab-mdp"", ""trial_index"": 9, ""time_elapsed"": 277231, ""internal_node_id"": ""0.0-4.0-1.0-1.0""}, {""stateRewards"": ["""", -5, -10, 5, -5, 5, -10, 5, 10, -5, 10, -5, -5], ""trial_id"": 36, ""block"": ""testing"", ""trialIndex"": 3, ""score"": -7, ""expectedScore"": 0, ""expectedRewards"": 0, ""simulationMode"": [], ""rewards"": [], ""path"": [""0""], ""rt"": [], ""delays"": [], ""actions"": [], ""actionTimes"": [], ""queries"": {""preselect"": {""state"": {""target"": [], ""time"": []}, ""clickable"": {""target"": [], ""time"": []}}, ""click"": {""state"": {""target"": [""5"", ""6"", ""1"", ""9"", ""10"", ""11"", ""12""], ""time"": [9792, 11673, 13631, 17035, 19141, 22372, 23285]}, ""edge"": {""target"": [], ""time"": []}, ""clickable"": {""target"": [true, true, true, true, true, true, true], ""time"": [9793, 11674, 13633, 17036, 19142, 22373, 23286]}}, ""flowchart"": {""index"": {""target"": [], ""time"": []}, ""answer"": {""target"": [], ""time"": []}, ""correct"": {""target"": [], ""time"": []}, ""answer_stats"": {""total"": [], ""correct"": []}}, ""quiz_selection"": {""gt"": [], ""answer"": [], ""tp"": [], ""fp"": [], ""tn"": [], ""fn"": [], ""num_tp"": 0, ""num_fp"": 0, ""num_tn"": 0, ""num_fn"": 0}, ""mouseover"": {""state"": {""target"": [], ""time"": []}, ""edge"": {""target"": [], ""time"": []}}, ""mouseout"": {""state"": {""target"": [], ""time"": []}, ""edge"": {""target"": [], ""time"": []}}}, ""trialTime"": 28390, ""trial_type"": ""mouselab-mdp"", ""trial_index"": 10, ""time_elapsed"": 306862, ""internal_node_id"": ""0.0-4.0-1.0-2.0""}, {""stateRewards"": ["""", 10, 10, 10, 10, 5, 5, 10, 5, -5, 5, 5, 5], ""trial_id"": 18, ""block"": ""testing"", ""trialIndex"": 4, ""score"": -3, ""expectedScore"": 0, ""expectedRewards"": 0, ""simulationMode"": [], ""rewards"": [], ""path"": [""0""], ""rt"": [], ""delays"": [], ""actions"": [], ""actionTimes"": [], ""queries"": {""preselect"": {""state"": {""target"": [], ""time"": []}, ""clickable"": {""target"": [], ""time"": []}}, ""click"": {""state"": {""target"": [""6"", ""8"", ""5""], ""time"": [3608, 5351, 7587]}, ""edge"": {""target"": [], ""time"": []}, ""clickable"": {""target"": [true, false, true], ""time"": [3609, 5352, 7588]}}, ""flowchart"": {""index"": {""target"": [], ""time"": []}, ""answer"": {""target"": [], ""time"": []}, ""correct"": {""target"": [], ""time"": []}, ""answer_stats"": {""total"": [], ""correct"": []}}, ""quiz_selection"": {""gt"": [], ""answer"": [], ""tp"": [], ""fp"": [], ""tn"": [], ""fn"": [], ""num_tp"": 0, ""num_fp"": 0, ""num_tn"": 0, ""num_fn"": 0}, ""mouseover"": {""state"": {""target"": [], ""time"": []}, ""edge"": {""target"": [], ""time"": []}}, ""mouseout"": {""state"": {""target"": [], ""time"": []}, ""edge"": {""target"": [], ""time"": []}}}, ""trialTime"": 23935, ""trial_type"": ""mouselab-mdp"", ""trial_index"": 11, ""time_elapsed"": 332031, ""internal_node_id"": ""0.0-4.0-1.0-3.0""}, {""stateRewards"": ["""", 10, -5, -10, 10, -10, 10, 5, -5, -5, -5, 10, -5], ""trial_id"": 31, ""block"": ""testing"", ""trialIndex"": 5, ""score"": -4, ""expectedScore"": 0, ""expectedRewards"": 0, ""simulationMode"": [], ""rewards"": [], ""path"": [""0""], ""rt"": [], ""delays"": [], ""actions"": [], ""actionTimes"": [], ""queries"": {""preselect"": {""state"": {""target"": [], ""time"": []}, ""clickable"": {""target"": [], ""time"": []}}, ""click"": {""state"": {""target"": [""5"", ""1"", ""3"", ""4""], ""time"": [3730, 6778, 10585, 11981]}, ""edge"": {""target"": [], ""time"": []}, ""clickable"": {""target"": [true, true, true, true], ""time"": [3730, 6778, 10586, 11982]}}, ""flowchart"": {""index"": {""target"": [], ""time"": []}, ""answer"": {""target"": [], ""time"": []}, ""correct"": {""target"": [], ""time"": []}, ""answer_stats"": {""total"": [], ""correct"": []}}, ""quiz_selection"": {""gt"": [], ""answer"": [], ""tp"": [], ""fp"": [], ""tn"": [], ""fn"": [], ""num_tp"": 0, ""num_fp"": 0, ""num_tn"": 0, ""num_fn"": 0}, ""mouseover"": {""state"": {""target"": [], ""time"": []}, ""edge"": {""target"": [], ""time"": []}}, ""mouseout"": {""state"": {""target"": [], ""time"": []}, ""edge"": {""target"": [], ""time"": []}}}, ""trialTime"": 17922, ""trial_type"": ""mouselab-mdp"", ""trial_index"": 12, ""time_elapsed"": 351206, ""internal_node_id"": ""0.0-4.0-1.0-4.0""}, {""stateRewards"": ["""", 10, -5, -5, -10, 5, -10, -5, 5, 10, -10, -5, -10], ""trial_id"": 43, ""block"": ""testing"", ""trialIndex"": 6, ""score"": -5, ""expectedScore"": 0, ""expectedRewards"": 0, ""simulationMode"": [], ""rewards"": [], ""path"": [""0""], ""rt"": [], ""delays"": [], ""actions"": [], ""actionTimes"": [], ""queries"": {""preselect"": {""state"": {""target"": [], ""time"": []}, ""clickable"": {""target"": [], ""time"": []}}, ""click"": {""state"": {""target"": [""5"", ""6"", ""1"", ""3"", ""4""], ""time"": [3517, 4954, 8240, 11000, 12418]}, ""edge"": {""target"": [], ""time"": []}, ""clickable"": {""target"": [true, true, true, true, true], ""time"": [3517, 4954, 8241, 11001, 12419]}}, ""flowchart"": {""index"": {""target"": [], ""time"": []}, ""answer"": {""target"": [], ""time"": []}, ""correct"": {""target"": [], ""time"": []}, ""answer_stats"": {""total"": [], ""correct"": []}}, ""quiz_selection"": {""gt"": [], ""answer"": [], ""tp"": [], ""fp"": [], ""tn"": [], ""fn"": [], ""num_tp"": 0, ""num_fp"": 0, ""num_tn"": 0, ""num_fn"": 0}, ""mouseover"": {""state"": {""target"": [], ""time"": []}, ""edge"": {""target"": [], ""time"": []}}, ""mouseout"": {""state"": {""target"": [], ""time"": []}, ""edge"": {""target"": [], ""time"": []}}}, ""trialTime"": 17040, ""trial_type"": ""mouselab-mdp"", ""trial_index"": 13, ""time_elapsed"": 369459, ""internal_node_id"": ""0.0-4.0-1.0-5.0""}, {""stateRewards"": ["""", 5, -10, 5, -5, 5, -10, -5, 5, -10, 5, 10, -10], ""trial_id"": 8, ""block"": ""testing"", ""trialIndex"": 7, ""score"": -5, ""expectedScore"": 0, ""expectedRewards"": 0, ""simulationMode"": [], ""rewards"": [], ""path"": [""0""], ""rt"": [], ""delays"": [], ""actions"": [], ""actionTimes"": [], ""queries"": {""preselect"": {""state"": {""target"": [], ""time"": []}, ""clickable"": {""target"": [], ""time"": []}}, ""click"": {""state"": {""target"": [""5"", ""6"", ""9"", ""1"", ""2""], ""time"": [2787, 4647, 7908, 9449, 12619]}, ""edge"": {""target"": [], ""time"": []}, ""clickable"": {""target"": [true, true, true, true, true], ""time"": [2788, 4648, 7909, 9449, 12619]}}, ""flowchart"": {""index"": {""target"": [], ""time"": []}, ""answer"": {""target"": [], ""time"": []}, ""correct"": {""target"": [], ""time"": []}, ""answer_stats"": {""total"": [], ""correct"": []}}, ""quiz_selection"": {""gt"": [], ""answer"": [], ""tp"": [], ""fp"": [], ""tn"": [], ""fn"": [], ""num_tp"": 0, ""num_fp"": 0, ""num_tn"": 0, ""num_fn"": 0}, ""mouseover"": {""state"": {""target"": [], ""time"": []}, ""edge"": {""target"": [], ""time"": []}}, ""mouseout"": {""state"": {""target"": [], ""time"": []}, ""edge"": {""target"": [], ""time"": []}}}, ""trialTime"": 26359, ""trial_type"": ""mouselab-mdp"", ""trial_index"": 14, ""time_elapsed"": 397055, ""internal_node_id"": ""0.0-4.0-1.0-6.0""}, {""stateRewards"": ["""", 5, -5, -10, 5, 5, 10, -10, 10, 5, 10, 10, -10], ""trial_id"": 48, ""block"": ""testing"", ""trialIndex"": 8, ""score"": -4, ""expectedScore"": 0, ""expectedRewards"": 0, ""simulationMode"": [], ""rewards"": [], ""path"": [""0""], ""rt"": [], ""delays"": [], ""actions"": [], ""actionTimes"": [], ""queries"": {""preselect"": {""state"": {""target"": [], ""time"": []}, ""clickable"": {""target"": [], ""time"": []}}, ""click"": {""state"": {""target"": [""5"", ""6"", ""7"", ""8""], ""time"": [3689, 5535, 8592, 9788]}, ""edge"": {""target"": [], ""time"": []}, ""clickable"": {""target"": [true, true, true, true], ""time"": [3690, 5535, 8593, 9789]}}, ""flowchart"": {""index"": {""target"": [], ""time"": []}, ""answer"": {""target"": [], ""time"": []}, ""correct"": {""target"": [], ""time"": []}, ""answer_stats"": {""total"": [], ""correct"": []}}, ""quiz_selection"": {""gt"": [], ""answer"": [], ""tp"": [], ""fp"": [], ""tn"": [], ""fn"": [], ""num_tp"": 0, ""num_fp"": 0, ""num_tn"": 0, ""num_fn"": 0}, ""mouseover"": {""state"": {""target"": [], ""time"": []}, ""edge"": {""target"": [], ""time"": []}}, ""mouseout"": {""state"": {""target"": [], ""time"": []}, ""edge"": {""target"": [], ""time"": []}}}, ""trialTime"": 13379, ""trial_type"": ""mouselab-mdp"", ""trial_index"": 15, ""time_elapsed"": 411658, ""internal_node_id"": ""0.0-4.0-1.0-7.0""}, {""stateRewards"": ["""", -5, 10, 10, -5, 10, -10, 10, 10, -10, 10, -5, 5], ""trial_id"": 23, ""block"": ""testing"", ""trialIndex"": 9, ""score"": -3, ""expectedScore"": 0, ""expectedRewards"": 0, ""simulationMode"": [], ""rewards"": [], ""path"": [""0""], ""rt"": [], ""delays"": [], ""actions"": [], ""actionTimes"": [], ""queries"": {""preselect"": {""state"": {""target"": [], ""time"": []}, ""clickable"": {""target"": [], ""time"": []}}, ""click"": {""state"": {""target"": [""5"", ""7"", ""8""], ""time"": [3073, 7023, 8471]}, ""edge"": {""target"": [], ""time"": []}, ""clickable"": {""target"": [true, true, true], ""time"": [3073, 7024, 8471]}}, ""flowchart"": {""index"": {""target"": [], ""time"": []}, ""answer"": {""target"": [], ""time"": []}, ""correct"": {""target"": [], ""time"": []}, ""answer_stats"": {""total"": [], ""correct"": []}}, ""quiz_selection"": {""gt"": [], ""answer"": [], ""tp"": [], ""fp"": [], ""tn"": [], ""fn"": [], ""num_tp"": 0, ""num_fp"": 0, ""num_tn"": 0, ""num_fn"": 0}, ""mouseover"": {""state"": {""target"": [], ""time"": []}, ""edge"": {""target"": [], ""time"": []}}, ""mouseout"": {""state"": {""target"": [], ""time"": []}, ""edge"": {""target"": [], ""time"": []}}}, ""trialTime"": 12406, ""trial_type"": ""mouselab-mdp"", ""trial_index"": 16, ""time_elapsed"": 425282, ""internal_node_id"": ""0.0-4.0-1.0-8.0""}, {""stateRewards"": ["""", 5, -5, 10, -5, -10, 10, -10, 10, 5, -10, -10, -5], ""trial_id"": 15, ""block"": ""testing"", ""trialIndex"": 10, ""score"": -5, ""expectedScore"": 0, ""expectedRewards"": 0, ""simulationMode"": [], ""rewards"": [], ""path"": [""0""], ""rt"": [], ""delays"": [], ""actions"": [], ""actionTimes"": [], ""queries"": {""preselect"": {""state"": {""target"": [], ""time"": []}, ""clickable"": {""target"": [], ""time"": []}}, ""click"": {""state"": {""target"": [""5"", ""1"", ""2"", ""9"", ""10""], ""time"": [2421, 4480, 6031, 8697, 10763]}, ""edge"": {""target"": [], ""time"": []}, ""clickable"": {""target"": [true, true, true, true, true], ""time"": [2422, 4480, 6032, 8698, 10764]}}, ""flowchart"": {""index"": {""target"": [], ""time"": []}, ""answer"": {""target"": [], ""time"": []}, ""correct"": {""target"": [], ""time"": []}, ""answer_stats"": {""total"": [], ""correct"": []}}, ""quiz_selection"": {""gt"": [], ""answer"": [], ""tp"": [], ""fp"": [], ""tn"": [], ""fn"": [], ""num_tp"": 0, ""num_fp"": 0, ""num_tn"": 0, ""num_fn"": 0}, ""mouseover"": {""state"": {""target"": [], ""time"": []}, ""edge"": {""target"": [], ""time"": []}}, ""mouseout"": {""state"": {""target"": [], ""time"": []}, ""edge"": {""target"": [], ""time"": []}}}, ""trialTime"": 20303, ""trial_type"": ""mouselab-mdp"", ""trial_index"": 17, ""time_elapsed"": 446839, ""internal_node_id"": ""0.0-4.0-1.0-9.0""}]"
35,1,instructions1,4,20.2,1,4,47,Female,0,"[{""stateRewards"": ["""", -5, -10, -5, -10, -10, -5, 10, -5, -10, 5, 10, -5], ""trial_id"": 57, ""block"": ""testing"", ""trialIndex"": 1, ""score"": -12, ""expectedScore"": 0, ""expectedRewards"": 0, ""simulationMode"": [], ""rewards"": [], ""path"": [""0""], ""rt"": [], ""delays"": [], ""actions"": [], ""actionTimes"": [], ""queries"": {""preselect"": {""state"": {""target"": [], ""time"": []}, ""clickable"": {""target"": [], ""time"": []}}, ""click"": {""state"": {""target"": [""6"", ""9"", ""2"", ""5"", ""10"", ""12"", ""11"", ""3"", ""4"", ""7"", ""8"", ""1""], ""time"": [8135, 10390, 12068, 15599, 18106, 35365, 36699, 41129, 42318, 43454, 46970, 48202]}, ""edge"": {""target"": [], ""time"": []}, ""clickable"": {""target"": [true, true, true, true, true, false, false, false, false, false, false, false], ""time"": [8136, 10392, 12069, 15600, 18108, 35366, 36700, 41130, 42318, 43455, 46972, 48203]}}, ""flowchart"": {""index"": {""target"": [], ""time"": []}, ""answer"": {""target"": [], ""time"": []}, ""correct"": {""target"": [], ""time"": []}, ""answer_stats"": {""total"": [], ""correct"": []}}, ""quiz_selection"": {""gt"": [], ""answer"": [], ""tp"": [], ""fp"": [], ""tn"": [], ""fn"": [], ""num_tp"": 0, ""num_fp"": 0, ""num_tn"": 0, ""num_fn"": 0}, ""mouseover"": {""state"": {""target"": [], ""time"": []}, ""edge"": {""target"": [], ""time"": []}}, ""mouseout"": {""state"": {""target"": [], ""time"": []}, ""edge"": {""target"": [], ""time"": []}}}, ""trialTime"": 54706, ""trial_type"": ""mouselab-mdp"", ""trial_index"": 14, ""time_elapsed"": 897673, ""internal_node_id"": ""0.0-4.0-1.0-0.0""}, {""stateRewards"": ["""", -10, 5, 5, -5, -5, 5, 10, -10, -5, -5, -10, 10], ""trial_id"": 53, ""block"": ""testing"", ""trialIndex"": 2, ""score"": -5, ""expectedScore"": 0, ""expectedRewards"": 0, ""simulationMode"": [], ""rewards"": [], ""path"": [""0""], ""rt"": [], ""delays"": [], ""actions"": [], ""actionTimes"": [], ""queries"": {""preselect"": {""state"": {""target"": [], ""time"": []}, ""clickable"": {""target"": [], ""time"": []}}, ""click"": {""state"": {""target"": [""1"", ""5"", ""9"", ""10"", ""6""], ""time"": [22478, 24082, 25612, 31212, 32603]}, ""edge"": {""target"": [], ""time"": []}, ""clickable"": {""target"": [true, true, true, true, true], ""time"": [22479, 24084, 25612, 31214, 32604]}}, ""flowchart"": {""index"": {""target"": [], ""time"": []}, ""answer"": {""target"": [], ""time"": []}, ""correct"": {""target"": [], ""time"": []}, ""answer_stats"": {""total"": [], ""correct"": []}}, ""quiz_selection"": {""gt"": [], ""answer"": [], ""tp"": [], ""fp"": [], ""tn"": [], ""fn"": [], ""num_tp"": 0, ""num_fp"": 0, ""num_tn"": 0, ""num_fn"": 0}, ""mouseover"": {""state"": {""target"": [], ""time"": []}, ""edge"": {""target"": [], ""time"": []}}, ""mouseout"": {""state"": {""target"": [], ""time"": []}, ""edge"": {""target"": [], ""time"": []}}}, ""trialTime"": 42273, ""trial_type"": ""mouselab-mdp"", ""trial_index"": 15, ""time_elapsed"": 941131, ""internal_node_id"": ""0.0-4.0-1.0-1.0""}, {""stateRewards"": ["""", 10, -10, -10, -5, -10, 10, -10, -5, 10, 10, 5, -5], ""trial_id"": 7, ""block"": ""testing"", ""trialIndex"": 3, ""score"": -3, ""expectedScore"": 0, ""expectedRewards"": 0, ""simulationMode"": [], ""rewards"": [], ""path"": [""0""], ""rt"": [], ""delays"": [], ""actions"": [], ""actionTimes"": [], ""queries"": {""preselect"": {""state"": {""target"": [], ""time"": []}, ""clickable"": {""target"": [], ""time"": []}}, ""click"": {""state"": {""target"": [""9"", ""12"", ""11""], ""time"": [16962, 23375, 24224]}, ""edge"": {""target"": [], ""time"": []}, ""clickable"": {""target"": [true, true, true], ""time"": [16962, 23375, 24224]}}, ""flowchart"": {""index"": {""target"": [], ""time"": []}, ""answer"": {""target"": [], ""time"": []}, ""correct"": {""target"": [], ""time"": []}, ""answer_stats"": {""total"": [], ""correct"": []}}, ""quiz_selection"": {""gt"": [], ""answer"": [], ""tp"": [], ""fp"": [], ""tn"": [], ""fn"": [], ""num_tp"": 0, ""num_fp"": 0, ""num_tn"": 0, ""num_fn"": 0}, ""mouseover"": {""state"": {""target"": [], ""time"": []}, ""edge"": {""target"": [], ""time"": []}}, ""mouseout"": {""state"": {""target"": [], ""time"": []}, ""edge"": {""target"": [], ""time"": []}}}, ""trialTime"": 30876, ""trial_type"": ""mouselab-mdp"", ""trial_index"": 16, ""time_elapsed"": 973184, ""internal_node_id"": ""0.0-4.0-1.0-2.0""}, {""stateRewards"": ["""", -5, -5, 5, 10, 10, -10, -10, -10, -10, 10, 10, 10], ""trial_id"": 4, ""block"": ""testing"", ""trialIndex"": 4, ""score"": -4, ""expectedScore"": 0, ""expectedRewards"": 0, ""simulationMode"": [], ""rewards"": [], ""path"": [""0""], ""rt"": [], ""delays"": [], ""actions"": [], ""actionTimes"": [], ""queries"": {""preselect"": {""state"": {""target"": [], ""time"": []}, ""clickable"": {""target"": [], ""time"": []}}, ""click"": {""state"": {""target"": [""9"", ""5"", ""8"", ""7""], ""time"": [10159, 11965, 16054, 16808]}, ""edge"": {""target"": [], ""time"": []}, ""clickable"": {""target"": [true, true, true, true], ""time"": [10160, 11967, 16054, 16809]}}, ""flowchart"": {""index"": {""target"": [], ""time"": []}, ""answer"": {""target"": [], ""time"": []}, ""correct"": {""target"": [], ""time"": []}, ""answer_stats"": {""total"": [], ""correct"": []}}, ""quiz_selection"": {""gt"": [], ""answer"": [], ""tp"": [], ""fp"": [], ""tn"": [], ""fn"": [], ""num_tp"": 0, ""num_fp"": 0, ""num_tn"": 0, ""num_fn"": 0}, ""mouseover"": {""state"": {""target"": [], ""time"": []}, ""edge"": {""target"": [], ""time"": []}}, ""mouseout"": {""state"": {""target"": [], ""time"": []}, ""edge"": {""target"": [], ""time"": []}}}, ""trialTime"": 23455, ""trial_type"": ""mouselab-mdp"", ""trial_index"": 17, ""time_elapsed"": 997828, ""internal_node_id"": ""0.0-4.0-1.0-3.0""}, {""stateRewards"": ["""", -5, -5, 5, -10, -5, 5, -5, -5, 5, -10, -5, 10], ""trial_id"": 6, ""block"": ""testing"", ""trialIndex"": 5, ""score"": -5, ""expectedScore"": 0, ""expectedRewards"": 0, ""simulationMode"": [], ""rewards"": [], ""path"": [""0""], ""rt"": [], ""delays"": [], ""actions"": [], ""actionTimes"": [], ""queries"": {""preselect"": {""state"": {""target"": [], ""time"": []}, ""clickable"": {""target"": [], ""time"": []}}, ""click"": {""state"": {""target"": [""9"", ""10"", ""6"", ""5"", ""1""], ""time"": [5891, 9088, 11787, 13031, 15152]}, ""edge"": {""target"": [], ""time"": []}, ""clickable"": {""target"": [true, true, true, true, true], ""time"": [5892, 9089, 11788, 13032, 15153]}}, ""flowchart"": {""index"": {""target"": [], ""time"": []}, ""answer"": {""target"": [], ""time"": []}, ""correct"": {""target"": [], ""time"": []}, ""answer_stats"": {""total"": [], ""correct"": []}}, ""quiz_selection"": {""gt"": [], ""answer"": [], ""tp"": [], ""fp"": [], ""tn"": [], ""fn"": [], ""num_tp"": 0, ""num_fp"": 0, ""num_tn"": 0, ""num_fn"": 0}, ""mouseover"": {""state"": {""target"": [], ""time"": []}, ""edge"": {""target"": [], ""time"": []}}, ""mouseout"": {""state"": {""target"": [], ""time"": []}, ""edge"": {""target"": [], ""time"": []}}}, ""trialTime"": 21632, ""trial_type"": ""mouselab-mdp"", ""trial_index"": 18, ""time_elapsed"": 1020654, ""internal_node_id"": ""0.0-4.0-1.0-4.0""}, {""stateRewards"": ["""", -5, -10, 10, -5, 10, -10, 10, 10, -5, 10, -5, -10], ""trial_id"": 40, ""block"": ""testing"", ""trialIndex"": 6, ""score"": -4, ""expectedScore"": 0, ""expectedRewards"": 0, ""simulationMode"": [], ""rewards"": [], ""path"": [""0""], ""rt"": [], ""delays"": [], ""actions"": [], ""actionTimes"": [], ""queries"": {""preselect"": {""state"": {""target"": [], ""time"": []}, ""clickable"": {""target"": [], ""time"": []}}, ""click"": {""state"": {""target"": [""2"", ""5"", ""8"", ""7""], ""time"": [2634, 4942, 8081, 10641]}, ""edge"": {""target"": [], ""time"": []}, ""clickable"": {""target"": [true, true, true, true], ""time"": [2635, 4943, 8082, 10642]}}, ""flowchart"": {""index"": {""target"": [], ""time"": []}, ""answer"": {""target"": [], ""time"": []}, ""correct"": {""target"": [], ""time"": []}, ""answer_stats"": {""total"": [], ""correct"": []}}, ""quiz_selection"": {""gt"": [], ""answer"": [], ""tp"": [], ""fp"": [], ""tn"": [], ""fn"": [], ""num_tp"": 0, ""num_fp"": 0, ""num_tn"": 0, ""num_fn"": 0}, ""mouseover"": {""state"": {""target"": [], ""time"": []}, ""edge"": {""target"": [], ""time"": []}}, ""mouseout"": {""state"": {""target"": [], ""time"": []}, ""edge"": {""target"": [], ""time"": []}}}, ""trialTime"": 17237, ""trial_type"": ""mouselab-mdp"", ""trial_index"": 19, ""time_elapsed"": 1039077, ""internal_node_id"": ""0.0-4.0-1.0-5.0""}, {""stateRewards"": ["""", 5, 10, 5, 10, -10, 10, -10, -10, -5, -10, -10, 10], ""trial_id"": 13, ""block"": ""testing"", ""trialIndex"": 7, ""score"": -4, ""expectedScore"": 0, ""expectedRewards"": 0, ""simulationMode"": [], ""rewards"": [], ""path"": [""0""], ""rt"": [], ""delays"": [], ""actions"": [], ""actionTimes"": [], ""queries"": {""preselect"": {""state"": {""target"": [], ""time"": []}, ""clickable"": {""target"": [], ""time"": []}}, ""click"": {""state"": {""target"": [""9"", ""6"", ""7"", ""8""], ""time"": [4322, 5841, 8594, 9823]}, ""edge"": {""target"": [], ""time"": []}, ""clickable"": {""target"": [true, true, true, true], ""time"": [4323, 5843, 8594, 9825]}}, ""flowchart"": {""index"": {""target"": [], ""time"": []}, ""answer"": {""target"": [], ""time"": []}, ""correct"": {""target"": [], ""time"": []}, ""answer_stats"": {""total"": [], ""correct"": []}}, ""quiz_selection"": {""gt"": [], ""answer"": [], ""tp"": [], ""fp"": [], ""tn"": [], ""fn"": [], ""num_tp"": 0, ""num_fp"": 0, ""num_tn"": 0, ""num_fn"": 0}, ""mouseover"": {""state"": {""target"": [], ""time"": []}, ""edge"": {""target"": [], ""time"": []}}, ""mouseout"": {""state"": {""target"": [], ""time"": []}, ""edge"": {""target"": [], ""time"": []}}}, ""trialTime"": 15188, ""trial_type"": ""mouselab-mdp"", ""trial_index"": 20, ""time_elapsed"": 1055451, ""internal_node_id"": ""0.0-4.0-1.0-6.0""}, {""stateRewards"": ["""", -10, 5, 10, 5, -10, 5, -5, 5, 10, 5, 5, -5], ""trial_id"": 41, ""block"": ""testing"", ""trialIndex"": 8, ""score"": -3, ""expectedScore"": 0, ""expectedRewards"": 0, ""simulationMode"": [], ""rewards"": [], ""path"": [""0""], ""rt"": [], ""delays"": [], ""actions"": [], ""actionTimes"": [], ""queries"": {""preselect"": {""state"": {""target"": [], ""time"": []}, ""clickable"": {""target"": [], ""time"": []}}, ""click"": {""state"": {""target"": [""9"", ""11"", ""12""], ""time"": [2053, 4757, 5615]}, ""edge"": {""target"": [], ""time"": []}, ""clickable"": {""target"": [true, true, true], ""time"": [2053, 4758, 5617]}}, ""flowchart"": {""index"": {""target"": [], ""time"": []}, ""answer"": {""target"": [], ""time"": []}, ""correct"": {""target"": [], ""time"": []}, ""answer_stats"": {""total"": [], ""correct"": []}}, ""quiz_selection"": {""gt"": [], ""answer"": [], ""tp"": [], ""fp"": [], ""tn"": [], ""fn"": [], ""num_tp"": 0, ""num_fp"": 0, ""num_tn"": 0, ""num_fn"": 0}, ""mouseover"": {""state"": {""target"": [], ""time"": []}, ""edge"": {""target"": [], ""time"": []}}, ""mouseout"": {""state"": {""target"": [], ""time"": []}, ""edge"": {""target"": [], ""time"": []}}}, ""trialTime"": 12958, ""trial_type"": ""mouselab-mdp"", ""trial_index"": 21, ""time_elapsed"": 1069596, ""internal_node_id"": ""0.0-4.0-1.0-7.0""}, {""stateRewards"": ["""", 10, -5, -10, -5, -5, 5, 5, -10, 5, 10, -5, -5], ""trial_id"": 39, ""block"": ""testing"", ""trialIndex"": 9, ""score"": -4, ""expectedScore"": 0, ""expectedRewards"": 0, ""simulationMode"": [], ""rewards"": [], ""path"": [""0""], ""rt"": [], ""delays"": [], ""actions"": [], ""actionTimes"": [], ""queries"": {""preselect"": {""state"": {""target"": [], ""time"": []}, ""clickable"": {""target"": [], ""time"": []}}, ""click"": {""state"": {""target"": [""5"", ""1"", ""4"", ""3""], ""time"": [2239, 3717, 5962, 6745]}, ""edge"": {""target"": [], ""time"": []}, ""clickable"": {""target"": [true, true, true, true], ""time"": [2239, 3719, 5963, 6746]}}, ""flowchart"": {""index"": {""target"": [], ""time"": []}, ""answer"": {""target"": [], ""time"": []}, ""correct"": {""target"": [], ""time"": []}, ""answer_stats"": {""total"": [], ""correct"": []}}, ""quiz_selection"": {""gt"": [], ""answer"": [], ""tp"": [], ""fp"": [], ""tn"": [], ""fn"": [], ""num_tp"": 0, ""num_fp"": 0, ""num_tn"": 0, ""num_fn"": 0}, ""mouseover"": {""state"": {""target"": [], ""time"": []}, ""edge"": {""target"": [], ""time"": []}}, ""mouseout"": {""state"": {""target"": [], ""time"": []}, ""edge"": {""target"": [], ""time"": []}}}, ""trialTime"": 12393, ""trial_type"": ""mouselab-mdp"", ""trial_index"": 22, ""time_elapsed"": 1083182, ""internal_node_id"": ""0.0-4.0-1.0-8.0""}, {""stateRewards"": ["""", 5, 5, -10, -10, 10, 5, 5, 5, -5, 10, -5, -10], ""trial_id"": 16, ""block"": ""testing"", ""trialIndex"": 10, ""score"": -4, ""expectedScore"": 0, ""expectedRewards"": 0, ""simulationMode"": [null], ""rewards"": [], ""path"": [""0""], ""rt"": [77159], ""delays"": [], ""actions"": [""right""], ""actionTimes"": [77171], ""queries"": {""preselect"": {""state"": {""target"": [], ""time"": []}, ""clickable"": {""target"": [], ""time"": []}}, ""click"": {""state"": {""target"": [""9"", ""5"", ""8"", ""7""], ""time"": [4759, 5924, 8283, 10228]}, ""edge"": {""target"": [], ""time"": []}, ""clickable"": {""target"": [true, true, true, true], ""time"": [4760, 5925, 8285, 10229]}}, ""flowchart"": {""index"": {""target"": [], ""time"": []}, ""answer"": {""target"": [], ""time"": []}, ""correct"": {""target"": [], ""time"": []}, ""answer_stats"": {""total"": [], ""correct"": []}}, ""quiz_selection"": {""gt"": [], ""answer"": [], ""tp"": [], ""fp"": [], ""tn"": [], ""fn"": [], ""num_tp"": 0, ""num_fp"": 0, ""num_tn"": 0, ""num_fn"": 0}, ""mouseover"": {""state"": {""target"": [], ""time"": []}, ""edge"": {""target"": [], ""time"": []}}, ""mouseout"": {""state"": {""target"": [], ""time"": []}, ""edge"": {""target"": [], ""time"": []}}}, ""trialTime"": 15530, ""trial_type"": ""mouselab-mdp"", ""trial_index"": 23, ""time_elapsed"": 1099899, ""internal_node_id"": ""0.0-4.0-1.0-9.0""}]"
36,1,instructions1,4,14.6,3,2,30,male,0,"[{""stateRewards"": ["""", 10, 5, 5, -10, -10, 10, 5, 5, 10, -5, -10, -10], ""trial_id"": 14, ""block"": ""testing"", ""trialIndex"": 1, ""score"": -3, ""expectedScore"": 0, ""expectedRewards"": 0, ""simulationMode"": [], ""rewards"": [], ""path"": [""0""], ""rt"": [], ""delays"": [], ""actions"": [], ""actionTimes"": [], ""queries"": {""preselect"": {""state"": {""target"": [], ""time"": []}, ""clickable"": {""target"": [], ""time"": []}}, ""click"": {""state"": {""target"": [""3"", ""2"", ""1""], ""time"": [11551, 18334, 31935]}, ""edge"": {""target"": [], ""time"": []}, ""clickable"": {""target"": [false, true, true], ""time"": [11553, 18336, 31937]}}, ""flowchart"": {""index"": {""target"": [], ""time"": []}, ""answer"": {""target"": [], ""time"": []}, ""correct"": {""target"": [], ""time"": []}, ""answer_stats"": {""total"": [], ""correct"": []}}, ""quiz_selection"": {""gt"": [], ""answer"": [], ""tp"": [], ""fp"": [], ""tn"": [], ""fn"": [], ""num_tp"": 0, ""num_fp"": 0, ""num_tn"": 0, ""num_fn"": 0}, ""mouseover"": {""state"": {""target"": [], ""time"": []}, ""edge"": {""target"": [], ""time"": []}}, ""mouseout"": {""state"": {""target"": [], ""time"": []}, ""edge"": {""target"": [], ""time"": []}}}, ""trialTime"": 42267, ""trial_type"": ""mouselab-mdp"", ""trial_index"": 14, ""time_elapsed"": 544347, ""internal_node_id"": ""0.0-4.0-1.0-0.0""}, {""stateRewards"": ["""", 10, -5, 5, -10, -5, 5, 10, -10, 5, 10, 10, 10], ""trial_id"": 32, ""block"": ""testing"", ""trialIndex"": 2, ""score"": -3, ""expectedScore"": 0, ""expectedRewards"": 0, ""simulationMode"": [], ""rewards"": [], ""path"": [""0""], ""rt"": [], ""delays"": [], ""actions"": [], ""actionTimes"": [], ""queries"": {""preselect"": {""state"": {""target"": [], ""time"": []}, ""clickable"": {""target"": [], ""time"": []}}, ""click"": {""state"": {""target"": [""5"", ""6"", ""10""], ""time"": [7523, 8665, 10272]}, ""edge"": {""target"": [], ""time"": []}, ""clickable"": {""target"": [true, false, true], ""time"": [7525, 8667, 10275]}}, ""flowchart"": {""index"": {""target"": [], ""time"": []}, ""answer"": {""target"": [], ""time"": []}, ""correct"": {""target"": [], ""time"": []}, ""answer_stats"": {""total"": [], ""correct"": []}}, ""quiz_selection"": {""gt"": [], ""answer"": [], ""tp"": [], ""fp"": [], ""tn"": [], ""fn"": [], ""num_tp"": 0, ""num_fp"": 0, ""num_tn"": 0, ""num_fn"": 0}, ""mouseover"": {""state"": {""target"": [], ""time"": []}, ""edge"": {""target"": [], ""time"": []}}, ""mouseout"": {""state"": {""target"": [], ""time"": []}, ""edge"": {""target"": [], ""time"": []}}}, ""trialTime"": 18151, ""trial_type"": ""mouselab-mdp"", ""trial_index"": 15, ""time_elapsed"": 564211, ""internal_node_id"": ""0.0-4.0-1.0-1.0""}, {""stateRewards"": ["""", 10, 5, -5, 5, -10, -10, 10, 10, -10, 10, -10, 5], ""trial_id"": 29, ""block"": ""testing"", ""trialIndex"": 3, ""score"": -1, ""expectedScore"": 0, ""expectedRewards"": 0, ""simulationMode"": [], ""rewards"": [], ""path"": [""0""], ""rt"": [], ""delays"": [], ""actions"": [], ""actionTimes"": [], ""queries"": {""preselect"": {""state"": {""target"": [], ""time"": []}, ""clickable"": {""target"": [], ""time"": []}}, ""click"": {""state"": {""target"": [""1""], ""time"": [5791]}, ""edge"": {""target"": [], ""time"": []}, ""clickable"": {""target"": [true], ""time"": [5793]}}, ""flowchart"": {""index"": {""target"": [], ""time"": []}, ""answer"": {""target"": [], ""time"": []}, ""correct"": {""target"": [], ""time"": []}, ""answer_stats"": {""total"": [], ""correct"": []}}, ""quiz_selection"": {""gt"": [], ""answer"": [], ""tp"": [], ""fp"": [], ""tn"": [], ""fn"": [], ""num_tp"": 0, ""num_fp"": 0, ""num_tn"": 0, ""num_fn"": 0}, ""mouseover"": {""state"": {""target"": [], ""time"": []}, ""edge"": {""target"": [], ""time"": []}}, ""mouseout"": {""state"": {""target"": [], ""time"": []}, ""edge"": {""target"": [], ""time"": []}}}, ""trialTime"": 12243, ""trial_type"": ""mouselab-mdp"", ""trial_index"": 16, ""time_elapsed"": 578115, ""internal_node_id"": ""0.0-4.0-1.0-2.0""}, {""stateRewards"": ["""", 5, -5, -10, -5, 10, 5, 5, 5, -10, -10, -10, 5], ""trial_id"": 12, ""block"": ""testing"", ""trialIndex"": 4, ""score"": -1, ""expectedScore"": 0, ""expectedRewards"": 0, ""simulationMode"": [], ""rewards"": [], ""path"": [""0""], ""rt"": [], ""delays"": [], ""actions"": [], ""actionTimes"": [], ""queries"": {""preselect"": {""state"": {""target"": [], ""time"": []}, ""clickable"": {""target"": [], ""time"": []}}, ""click"": {""state"": {""target"": [""5""], ""time"": [4488]}, ""edge"": {""target"": [], ""time"": []}, ""clickable"": {""target"": [true], ""time"": [4490]}}, ""flowchart"": {""index"": {""target"": [], ""time"": []}, ""answer"": {""target"": [], ""time"": []}, ""correct"": {""target"": [], ""time"": []}, ""answer_stats"": {""total"": [], ""correct"": []}}, ""quiz_selection"": {""gt"": [], ""answer"": [], ""tp"": [], ""fp"": [], ""tn"": [], ""fn"": [], ""num_tp"": 0, ""num_fp"": 0, ""num_tn"": 0, ""num_fn"": 0}, ""mouseover"": {""state"": {""target"": [], ""time"": []}, ""edge"": {""target"": [], ""time"": []}}, ""mouseout"": {""state"": {""target"": [], ""time"": []}, ""edge"": {""target"": [], ""time"": []}}}, ""trialTime"": 13106, ""trial_type"": ""mouselab-mdp"", ""trial_index"": 17, ""time_elapsed"": 592857, ""internal_node_id"": ""0.0-4.0-1.0-3.0""}, {""stateRewards"": ["""", 5, -10, -5, -10, 5, -10, -5, -10, 5, -10, -5, -5], ""trial_id"": 58, ""block"": ""testing"", ""trialIndex"": 5, ""score"": -12, ""expectedScore"": 0, ""expectedRewards"": 0, ""simulationMode"": [], ""rewards"": [], ""path"": [""0""], ""rt"": [], ""delays"": [], ""actions"": [], ""actionTimes"": [], ""queries"": {""preselect"": {""state"": {""target"": [], ""time"": []}, ""clickable"": {""target"": [], ""time"": []}}, ""click"": {""state"": {""target"": [""6"", ""5"", ""9"", ""10"", ""2"", ""1"", ""8"", ""11"", ""12"", ""7"", ""4"", ""3""], ""time"": [2138, 3553, 5640, 7065, 9659, 14619, 30026, 31169, 32049, 33225, 34401, 35450]}, ""edge"": {""target"": [], ""time"": []}, ""clickable"": {""target"": [true, false, true, true, true, false, false, false, false, false, false, false], ""time"": [2140, 3555, 5642, 7067, 9661, 14622, 30028, 31171, 32051, 33228, 34404, 35452]}}, ""flowchart"": {""index"": {""target"": [], ""time"": []}, ""answer"": {""target"": [], ""time"": []}, ""correct"": {""target"": [], ""time"": []}, ""answer_stats"": {""total"": [], ""correct"": []}}, ""quiz_selection"": {""gt"": [], ""answer"": [], ""tp"": [], ""fp"": [], ""tn"": [], ""fn"": [], ""num_tp"": 0, ""num_fp"": 0, ""num_tn"": 0, ""num_fn"": 0}, ""mouseover"": {""state"": {""target"": [], ""time"": []}, ""edge"": {""target"": [], ""time"": []}}, ""mouseout"": {""state"": {""target"": [], ""time"": []}, ""edge"": {""target"": [], ""time"": []}}}, ""trialTime"": 47371, ""trial_type"": ""mouselab-mdp"", ""trial_index"": 18, ""time_elapsed"": 641895, ""internal_node_id"": ""0.0-4.0-1.0-4.0""}, {""stateRewards"": ["""", -5, -10, -5, -10, -10, -5, 10, -5, -10, 5, 10, -5], ""trial_id"": 57, ""block"": ""testing"", ""trialIndex"": 6, ""score"": -8, ""expectedScore"": 0, ""expectedRewards"": 0, ""simulationMode"": [], ""rewards"": [], ""path"": [""0""], ""rt"": [], ""delays"": [], ""actions"": [], ""actionTimes"": [], ""queries"": {""preselect"": {""state"": {""target"": [], ""time"": []}, ""clickable"": {""target"": [], ""time"": []}}, ""click"": {""state"": {""target"": [""5"", ""2"", ""10"", ""9"", ""1"", ""6"", ""11"", ""12""], ""time"": [2984, 4727, 6775, 7639, 9232, 10327, 13295, 16528]}, ""edge"": {""target"": [], ""time"": []}, ""clickable"": {""target"": [true, true, true, true, false, false, false, false], ""time"": [2986, 4729, 6777, 7641, 9234, 10329, 13297, 16530]}}, ""flowchart"": {""index"": {""target"": [], ""time"": []}, ""answer"": {""target"": [], ""time"": []}, ""correct"": {""target"": [], ""time"": []}, ""answer_stats"": {""total"": [], ""correct"": []}}, ""quiz_selection"": {""gt"": [], ""answer"": [], ""tp"": [], ""fp"": [], ""tn"": [], ""fn"": [], ""num_tp"": 0, ""num_fp"": 0, ""num_tn"": 0, ""num_fn"": 0}, ""mouseover"": {""state"": {""target"": [], ""time"": []}, ""edge"": {""target"": [], ""time"": []}}, ""mouseout"": {""state"": {""target"": [], ""time"": []}, ""edge"": {""target"": [], ""time"": []}}}, ""trialTime"": 21878, ""trial_type"": ""mouselab-mdp"", ""trial_index"": 19, ""time_elapsed"": 665484, ""internal_node_id"": ""0.0-4.0-1.0-5.0""}, {""stateRewards"": ["""", -10, 10, 10, 5, -10, -10, 10, 5, -5, 5, 10, -10], ""trial_id"": 34, ""block"": ""testing"", ""trialIndex"": 7, ""score"": -8, ""expectedScore"": 0, ""expectedRewards"": 0, ""simulationMode"": [], ""rewards"": [], ""path"": [""0""], ""rt"": [], ""delays"": [], ""actions"": [], ""actionTimes"": [], ""queries"": {""preselect"": {""state"": {""target"": [], ""time"": []}, ""clickable"": {""target"": [], ""time"": []}}, ""click"": {""state"": {""target"": [""5"", ""9"", ""1"", ""10"", ""6"", ""2"", ""12"", ""11""], ""time"": [1747, 3859, 5290, 7899, 8891, 10171, 17204, 18131]}, ""edge"": {""target"": [], ""time"": []}, ""clickable"": {""target"": [true, true, true, true, false, false, false, false], ""time"": [1749, 3861, 5292, 7901, 8893, 10173, 17206, 18133]}}, ""flowchart"": {""index"": {""target"": [], ""time"": []}, ""answer"": {""target"": [], ""time"": []}, ""correct"": {""target"": [], ""time"": []}, ""answer_stats"": {""total"": [], ""correct"": []}}, ""quiz_selection"": {""gt"": [], ""answer"": [], ""tp"": [], ""fp"": [], ""tn"": [], ""fn"": [], ""num_tp"": 0, ""num_fp"": 0, ""num_tn"": 0, ""num_fn"": 0}, ""mouseover"": {""state"": {""target"": [], ""time"": []}, ""edge"": {""target"": [], ""time"": []}}, ""mouseout"": {""state"": {""target"": [], ""time"": []}, ""edge"": {""target"": [], ""time"": []}}}, ""trialTime"": 23300, ""trial_type"": ""mouselab-mdp"", ""trial_index"": 20, ""time_elapsed"": 690790, ""internal_node_id"": ""0.0-4.0-1.0-6.0""}, {""stateRewards"": ["""", 5, 5, -10, -10, 10, 5, 5, 5, -5, 10, -5, -10], ""trial_id"": 16, ""block"": ""testing"", ""trialIndex"": 8, ""score"": -5, ""expectedScore"": 0, ""expectedRewards"": 0, ""simulationMode"": [], ""rewards"": [], ""path"": [""0""], ""rt"": [], ""delays"": [], ""actions"": [], ""actionTimes"": [], ""queries"": {""preselect"": {""state"": {""target"": [], ""time"": []}, ""clickable"": {""target"": [], ""time"": []}}, ""click"": {""state"": {""target"": [""1"", ""2"", ""10"", ""4"", ""3""], ""time"": [1918, 4068, 5244, 8349, 9348]}, ""edge"": {""target"": [], ""time"": []}, ""clickable"": {""target"": [true, true, false, false, false], ""time"": [1920, 4070, 5248, 8351, 9350]}}, ""flowchart"": {""index"": {""target"": [], ""time"": []}, ""answer"": {""target"": [], ""time"": []}, ""correct"": {""target"": [], ""time"": []}, ""answer_stats"": {""total"": [], ""correct"": []}}, ""quiz_selection"": {""gt"": [], ""answer"": [], ""tp"": [], ""fp"": [], ""tn"": [], ""fn"": [], ""num_tp"": 0, ""num_fp"": 0, ""num_tn"": 0, ""num_fn"": 0}, ""mouseover"": {""state"": {""target"": [], ""time"": []}, ""edge"": {""target"": [], ""time"": []}}, ""mouseout"": {""state"": {""target"": [], ""time"": []}, ""edge"": {""target"": [], ""time"": []}}}, ""trialTime"": 15200, ""trial_type"": ""mouselab-mdp"", ""trial_index"": 21, ""time_elapsed"": 707857, ""internal_node_id"": ""0.0-4.0-1.0-7.0""}, {""stateRewards"": ["""", 5, 5, 5, 10, -5, -5, 10, 10, -10, 10, 5, -10], ""trial_id"": 9, ""block"": ""testing"", ""trialIndex"": 9, ""score"": -4, ""expectedScore"": 0, ""expectedRewards"": 0, ""simulationMode"": [], ""rewards"": [], ""path"": [""0""], ""rt"": [], ""delays"": [], ""actions"": [], ""actionTimes"": [], ""queries"": {""preselect"": {""state"": {""target"": [], ""time"": []}, ""clickable"": {""target"": [], ""time"": []}}, ""click"": {""state"": {""target"": [""1"", ""10"", ""11"", ""12""], ""time"": [5481, 6998, 11343, 12382]}, ""edge"": {""target"": [], ""time"": []}, ""clickable"": {""target"": [true, false, true, true], ""time"": [5483, 7000, 11345, 12384]}}, ""flowchart"": {""index"": {""target"": [], ""time"": []}, ""answer"": {""target"": [], ""time"": []}, ""correct"": {""target"": [], ""time"": []}, ""answer_stats"": {""total"": [], ""correct"": []}}, ""quiz_selection"": {""gt"": [], ""answer"": [], ""tp"": [], ""fp"": [], ""tn"": [], ""fn"": [], ""num_tp"": 0, ""num_fp"": 0, ""num_tn"": 0, ""num_fn"": 0}, ""mouseover"": {""state"": {""target"": [], ""time"": []}, ""edge"": {""target"": [], ""time"": []}}, ""mouseout"": {""state"": {""target"": [], ""time"": []}, ""edge"": {""target"": [], ""time"": []}}}, ""trialTime"": 18724, ""trial_type"": ""mouselab-mdp"", ""trial_index"": 22, ""time_elapsed"": 728339, ""internal_node_id"": ""0.0-4.0-1.0-8.0""}, {""stateRewards"": ["""", 5, -10, 5, -5, 5, -10, -5, 5, -10, 5, 10, -10], ""trial_id"": 8, ""block"": ""testing"", ""trialIndex"": 10, ""score"": -8, ""expectedScore"": 0, ""expectedRewards"": 0, ""simulationMode"": [], ""rewards"": [], ""path"": [""0""], ""rt"": [], ""delays"": [], ""actions"": [], ""actionTimes"": [], ""queries"": {""preselect"": {""state"": {""target"": [], ""time"": []}, ""clickable"": {""target"": [], ""time"": []}}, ""click"": {""state"": {""target"": [""9"", ""1"", ""2"", ""6"", ""5"", ""10"", ""12"", ""11""], ""time"": [1888, 3223, 4375, 7231, 8175, 9371, 12520, 13294]}, ""edge"": {""target"": [], ""time"": []}, ""clickable"": {""target"": [true, true, true, true, false, false, false, false], ""time"": [1890, 3225, 4377, 7234, 8177, 9373, 12522, 13296]}}, ""flowchart"": {""index"": {""target"": [], ""time"": []}, ""answer"": {""target"": [], ""time"": []}, ""correct"": {""target"": [], ""time"": []}, ""answer_stats"": {""total"": [], ""correct"": []}}, ""quiz_selection"": {""gt"": [], ""answer"": [], ""tp"": [], ""fp"": [], ""tn"": [], ""fn"": [], ""num_tp"": 0, ""num_fp"": 0, ""num_tn"": 0, ""num_fn"": 0}, ""mouseover"": {""state"": {""target"": [], ""time"": []}, ""edge"": {""target"": [], ""time"": []}}, ""mouseout"": {""state"": {""target"": [], ""time"": []}, ""edge"": {""target"": [], ""time"": []}}}, ""trialTime"": 18975, ""trial_type"": ""mouselab-mdp"", ""trial_index"": 23, ""time_elapsed"": 748982, ""internal_node_id"": ""0.0-4.0-1.0-9.0""}]"
37,1,instructions1,4,5.4,1,1,49,Female,0,"[{""stateRewards"": ["""", -5, -5, 5, -10, -5, 5, -5, -5, 5, -10, -5, 10], ""trial_id"": 6, ""block"": ""testing"", ""trialIndex"": 1, ""score"": -5, ""expectedScore"": 0, ""expectedRewards"": 0, ""simulationMode"": [], ""rewards"": [], ""path"": [""0""], ""rt"": [], ""delays"": [], ""actions"": [], ""actionTimes"": [], ""queries"": {""preselect"": {""state"": {""target"": [], ""time"": []}, ""clickable"": {""target"": [], ""time"": []}}, ""click"": {""state"": {""target"": [""1"", ""5"", ""9"", ""10"", ""6""], ""time"": [4230, 5668, 6974, 8190, 11116]}, ""edge"": {""target"": [], ""time"": []}, ""clickable"": {""target"": [true, true, true, true, true], ""time"": [4233, 5670, 6977, 8193, 11118]}}, ""flowchart"": {""index"": {""target"": [], ""time"": []}, ""answer"": {""target"": [], ""time"": []}, ""correct"": {""target"": [], ""time"": []}, ""answer_stats"": {""total"": [], ""correct"": []}}, ""quiz_selection"": {""gt"": [], ""answer"": [], ""tp"": [], ""fp"": [], ""tn"": [], ""fn"": [], ""num_tp"": 0, ""num_fp"": 0, ""num_tn"": 0, ""num_fn"": 0}, ""mouseover"": {""state"": {""target"": [], ""time"": []}, ""edge"": {""target"": [], ""time"": []}}, ""mouseout"": {""state"": {""target"": [], ""time"": []}, ""edge"": {""target"": [], ""time"": []}}}, ""trialTime"": 29593, ""trial_type"": ""mouselab-mdp"", ""trial_index"": 8, ""time_elapsed"": 167149, ""internal_node_id"": ""0.0-4.0-1.0-0.0""}, {""stateRewards"": ["""", 5, -5, 10, -5, -10, 10, -10, 10, 5, -10, -10, -5], ""trial_id"": 15, ""block"": ""testing"", ""trialIndex"": 2, ""score"": -5, ""expectedScore"": 0, ""expectedRewards"": 0, ""simulationMode"": [], ""rewards"": [], ""path"": [""0""], ""rt"": [], ""delays"": [], ""actions"": [], ""actionTimes"": [], ""queries"": {""preselect"": {""state"": {""target"": [], ""time"": []}, ""clickable"": {""target"": [], ""time"": []}}, ""click"": {""state"": {""target"": [""1"", ""2"", ""5"", ""9"", ""10""], ""time"": [4521, 5774, 7097, 9276, 10329]}, ""edge"": {""target"": [], ""time"": []}, ""clickable"": {""target"": [true, true, true, true, true], ""time"": [4524, 5777, 7101, 9278, 10331]}}, ""flowchart"": {""index"": {""target"": [], ""time"": []}, ""answer"": {""target"": [], ""time"": []}, ""correct"": {""target"": [], ""time"": []}, ""answer_stats"": {""total"": [], ""correct"": []}}, ""quiz_selection"": {""gt"": [], ""answer"": [], ""tp"": [], ""fp"": [], ""tn"": [], ""fn"": [], ""num_tp"": 0, ""num_fp"": 0, ""num_tn"": 0, ""num_fn"": 0}, ""mouseover"": {""state"": {""target"": [], ""time"": []}, ""edge"": {""target"": [], ""time"": []}}, ""mouseout"": {""state"": {""target"": [], ""time"": []}, ""edge"": {""target"": [], ""time"": []}}}, ""trialTime"": 19148, ""trial_type"": ""mouselab-mdp"", ""trial_index"": 9, ""time_elapsed"": 187592, ""internal_node_id"": ""0.0-4.0-1.0-1.0""}, {""stateRewards"": ["""", 5, -5, -10, 5, 5, 10, -10, 10, 5, 10, 10, -10], ""trial_id"": 48, ""block"": ""testing"", ""trialIndex"": 3, ""score"": -6, ""expectedScore"": 0, ""expectedRewards"": 0, ""simulationMode"": [], ""rewards"": [], ""path"": [""0""], ""rt"": [], ""delays"": [], ""actions"": [], ""actionTimes"": [], ""queries"": {""preselect"": {""state"": {""target"": [], ""time"": []}, ""clickable"": {""target"": [], ""time"": []}}, ""click"": {""state"": {""target"": [""1"", ""2"", ""5"", ""6"", ""7"", ""8""], ""time"": [2966, 4269, 5668, 6769, 9885, 11309]}, ""edge"": {""target"": [], ""time"": []}, ""clickable"": {""target"": [true, true, true, true, true, true], ""time"": [2967, 4272, 5671, 6771, 9887, 11311]}}, ""flowchart"": {""index"": {""target"": [], ""time"": []}, ""answer"": {""target"": [], ""time"": []}, ""correct"": {""target"": [], ""time"": []}, ""answer_stats"": {""total"": [], ""correct"": []}}, ""quiz_selection"": {""gt"": [], ""answer"": [], ""tp"": [], ""fp"": [], ""tn"": [], ""fn"": [], ""num_tp"": 0, ""num_fp"": 0, ""num_tn"": 0, ""num_fn"": 0}, ""mouseover"": {""state"": {""target"": [], ""time"": []}, ""edge"": {""target"": [], ""time"": []}}, ""mouseout"": {""state"": {""target"": [], ""time"": []}, ""edge"": {""target"": [], ""time"": []}}}, ""trialTime"": 15798, ""trial_type"": ""mouselab-mdp"", ""trial_index"": 10, ""time_elapsed"": 204692, ""internal_node_id"": ""0.0-4.0-1.0-2.0""}, {""stateRewards"": ["""", 10, 5, -5, -5, 5, 5, 10, 10, 5, -5, -5, -5], ""trial_id"": 56, ""block"": ""testing"", ""trialIndex"": 4, ""score"": -3, ""expectedScore"": 0, ""expectedRewards"": 0, ""simulationMode"": [], ""rewards"": [], ""path"": [""0""], ""rt"": [], ""delays"": [], ""actions"": [], ""actionTimes"": [], ""queries"": {""preselect"": {""state"": {""target"": [], ""time"": []}, ""clickable"": {""target"": [], ""time"": []}}, ""click"": {""state"": {""target"": [""1"", ""3"", ""4""], ""time"": [2792, 7201, 8317]}, ""edge"": {""target"": [], ""time"": []}, ""clickable"": {""target"": [true, true, true], ""time"": [2796, 7204, 8319]}}, ""flowchart"": {""index"": {""target"": [], ""time"": []}, ""answer"": {""target"": [], ""time"": []}, ""correct"": {""target"": [], ""time"": []}, ""answer_stats"": {""total"": [], ""correct"": []}}, ""quiz_selection"": {""gt"": [], ""answer"": [], ""tp"": [], ""fp"": [], ""tn"": [], ""fn"": [], ""num_tp"": 0, ""num_fp"": 0, ""num_tn"": 0, ""num_fn"": 0}, ""mouseover"": {""state"": {""target"": [], ""time"": []}, ""edge"": {""target"": [], ""time"": []}}, ""mouseout"": {""state"": {""target"": [], ""time"": []}, ""edge"": {""target"": [], ""time"": []}}}, ""trialTime"": 13051, ""trial_type"": ""mouselab-mdp"", ""trial_index"": 11, ""time_elapsed"": 219043, ""internal_node_id"": ""0.0-4.0-1.0-3.0""}, {""stateRewards"": ["""", -10, 10, -10, -5, 10, 10, -5, -10, 10, -10, -5, -5], ""trial_id"": 59, ""block"": ""testing"", ""trialIndex"": 5, ""score"": -4, ""expectedScore"": 0, ""expectedRewards"": 0, ""simulationMode"": [], ""rewards"": [], ""path"": [""0""], ""rt"": [], ""delays"": [], ""actions"": [], ""actionTimes"": [], ""queries"": {""preselect"": {""state"": {""target"": [], ""time"": []}, ""clickable"": {""target"": [], ""time"": []}}, ""click"": {""state"": {""target"": [""1"", ""5"", ""7"", ""8""], ""time"": [2548, 3655, 6109, 6901]}, ""edge"": {""target"": [], ""time"": []}, ""clickable"": {""target"": [true, true, true, true], ""time"": [2550, 3657, 6112, 6903]}}, ""flowchart"": {""index"": {""target"": [], ""time"": []}, ""answer"": {""target"": [], ""time"": []}, ""correct"": {""target"": [], ""time"": []}, ""answer_stats"": {""total"": [], ""correct"": []}}, ""quiz_selection"": {""gt"": [], ""answer"": [], ""tp"": [], ""fp"": [], ""tn"": [], ""fn"": [], ""num_tp"": 0, ""num_fp"": 0, ""num_tn"": 0, ""num_fn"": 0}, ""mouseover"": {""state"": {""target"": [], ""time"": []}, ""edge"": {""target"": [], ""time"": []}}, ""mouseout"": {""state"": {""target"": [], ""time"": []}, ""edge"": {""target"": [], ""time"": []}}}, ""trialTime"": 12267, ""trial_type"": ""mouselab-mdp"", ""trial_index"": 12, ""time_elapsed"": 232610, ""internal_node_id"": ""0.0-4.0-1.0-4.0""}, {""stateRewards"": ["""", 10, -5, 5, -5, 10, 5, 10, 5, -10, -10, 5, -10], ""trial_id"": 11, ""block"": ""testing"", ""trialIndex"": 6, ""score"": -3, ""expectedScore"": 0, ""expectedRewards"": 0, ""simulationMode"": [], ""rewards"": [], ""path"": [""0""], ""rt"": [], ""delays"": [], ""actions"": [], ""actionTimes"": [], ""queries"": {""preselect"": {""state"": {""target"": [], ""time"": []}, ""clickable"": {""target"": [], ""time"": []}}, ""click"": {""state"": {""target"": [""1"", ""3"", ""4""], ""time"": [2010, 4382, 6361]}, ""edge"": {""target"": [], ""time"": []}, ""clickable"": {""target"": [true, true, true], ""time"": [2012, 4384, 6362]}}, ""flowchart"": {""index"": {""target"": [], ""time"": []}, ""answer"": {""target"": [], ""time"": []}, ""correct"": {""target"": [], ""time"": []}, ""answer_stats"": {""total"": [], ""correct"": []}}, ""quiz_selection"": {""gt"": [], ""answer"": [], ""tp"": [], ""fp"": [], ""tn"": [], ""fn"": [], ""num_tp"": 0, ""num_fp"": 0, ""num_tn"": 0, ""num_fn"": 0}, ""mouseover"": {""state"": {""target"": [], ""time"": []}, ""edge"": {""target"": [], ""time"": []}}, ""mouseout"": {""state"": {""target"": [], ""time"": []}, ""edge"": {""target"": [], ""time"": []}}}, ""trialTime"": 12246, ""trial_type"": ""mouselab-mdp"", ""trial_index"": 13, ""time_elapsed"": 246153, ""internal_node_id"": ""0.0-4.0-1.0-5.0""}, {""stateRewards"": ["""", -5, 10, 10, -5, 10, -10, 10, 10, -10, 10, -5, 5], ""trial_id"": 23, ""block"": ""testing"", ""trialIndex"": 7, ""score"": -4, ""expectedScore"": 0, ""expectedRewards"": 0, ""simulationMode"": [], ""rewards"": [], ""path"": [""0""], ""rt"": [], ""delays"": [], ""actions"": [], ""actionTimes"": [], ""queries"": {""preselect"": {""state"": {""target"": [], ""time"": []}, ""clickable"": {""target"": [], ""time"": []}}, ""click"": {""state"": {""target"": [""1"", ""5"", ""7"", ""8""], ""time"": [1810, 2994, 5026, 5893]}, ""edge"": {""target"": [], ""time"": []}, ""clickable"": {""target"": [true, true, true, true], ""time"": [1814, 2996, 5028, 5895]}}, ""flowchart"": {""index"": {""target"": [], ""time"": []}, ""answer"": {""target"": [], ""time"": []}, ""correct"": {""target"": [], ""time"": []}, ""answer_stats"": {""total"": [], ""correct"": []}}, ""quiz_selection"": {""gt"": [], ""answer"": [], ""tp"": [], ""fp"": [], ""tn"": [], ""fn"": [], ""num_tp"": 0, ""num_fp"": 0, ""num_tn"": 0, ""num_fn"": 0}, ""mouseover"": {""state"": {""target"": [], ""time"": []}, ""edge"": {""target"": [], ""time"": []}}, ""mouseout"": {""state"": {""target"": [], ""time"": []}, ""edge"": {""target"": [], ""time"": []}}}, ""trialTime"": 12226, ""trial_type"": ""mouselab-mdp"", ""trial_index"": 14, ""time_elapsed"": 259685, ""internal_node_id"": ""0.0-4.0-1.0-6.0""}, {""stateRewards"": ["""", -10, 5, 10, 5, -10, 5, -5, 5, 10, 5, 5, -5], ""trial_id"": 41, ""block"": ""testing"", ""trialIndex"": 8, ""score"": -5, ""expectedScore"": 0, ""expectedRewards"": 0, ""simulationMode"": [], ""rewards"": [], ""path"": [""0""], ""rt"": [], ""delays"": [], ""actions"": [], ""actionTimes"": [], ""queries"": {""preselect"": {""state"": {""target"": [], ""time"": []}, ""clickable"": {""target"": [], ""time"": []}}, ""click"": {""state"": {""target"": [""1"", ""5"", ""9"", ""11"", ""12""], ""time"": [2365, 3864, 5496, 7872, 8536]}, ""edge"": {""target"": [], ""time"": []}, ""clickable"": {""target"": [true, true, true, true, true], ""time"": [2367, 3867, 5499, 7873, 8538]}}, ""flowchart"": {""index"": {""target"": [], ""time"": []}, ""answer"": {""target"": [], ""time"": []}, ""correct"": {""target"": [], ""time"": []}, ""answer_stats"": {""total"": [], ""correct"": []}}, ""quiz_selection"": {""gt"": [], ""answer"": [], ""tp"": [], ""fp"": [], ""tn"": [], ""fn"": [], ""num_tp"": 0, ""num_fp"": 0, ""num_tn"": 0, ""num_fn"": 0}, ""mouseover"": {""state"": {""target"": [], ""time"": []}, ""edge"": {""target"": [], ""time"": []}}, ""mouseout"": {""state"": {""target"": [], ""time"": []}, ""edge"": {""target"": [], ""time"": []}}}, ""trialTime"": 11769, ""trial_type"": ""mouselab-mdp"", ""trial_index"": 15, ""time_elapsed"": 272764, ""internal_node_id"": ""0.0-4.0-1.0-7.0""}, {""stateRewards"": ["""", -5, 5, -10, 5, -5, -5, 5, -5, 5, -10, 10, 5], ""trial_id"": 45, ""block"": ""testing"", ""trialIndex"": 9, ""score"": -5, ""expectedScore"": 0, ""expectedRewards"": 0, ""simulationMode"": [], ""rewards"": [], ""path"": [""0""], ""rt"": [], ""delays"": [], ""actions"": [], ""actionTimes"": [], ""queries"": {""preselect"": {""state"": {""target"": [], ""time"": []}, ""clickable"": {""target"": [], ""time"": []}}, ""click"": {""state"": {""target"": [""1"", ""5"", ""9"", ""10"", ""2""], ""time"": [1103, 2034, 3026, 4229, 6368]}, ""edge"": {""target"": [], ""time"": []}, ""clickable"": {""target"": [true, true, true, true, true], ""time"": [1104, 2036, 3029, 4231, 6370]}}, ""flowchart"": {""index"": {""target"": [], ""time"": []}, ""answer"": {""target"": [], ""time"": []}, ""correct"": {""target"": [], ""time"": []}, ""answer_stats"": {""total"": [], ""correct"": []}}, ""quiz_selection"": {""gt"": [], ""answer"": [], ""tp"": [], ""fp"": [], ""tn"": [], ""fn"": [], ""num_tp"": 0, ""num_fp"": 0, ""num_tn"": 0, ""num_fn"": 0}, ""mouseover"": {""state"": {""target"": [], ""time"": []}, ""edge"": {""target"": [], ""time"": []}}, ""mouseout"": {""state"": {""target"": [], ""time"": []}, ""edge"": {""target"": [], ""time"": []}}}, ""trialTime"": 13696, ""trial_type"": ""mouselab-mdp"", ""trial_index"": 16, ""time_elapsed"": 287740, ""internal_node_id"": ""0.0-4.0-1.0-8.0""}, {""stateRewards"": ["""", 10, 10, 10, 10, -5, -5, 10, 10, -5, 10, -10, -10], ""trial_id"": 47, ""block"": ""testing"", ""trialIndex"": 10, ""score"": -3, ""expectedScore"": 0, ""expectedRewards"": 0, ""simulationMode"": [], ""rewards"": [], ""path"": [""0""], ""rt"": [], ""delays"": [], ""actions"": [], ""actionTimes"": [], ""queries"": {""preselect"": {""state"": {""target"": [], ""time"": []}, ""clickable"": {""target"": [], ""time"": []}}, ""click"": {""state"": {""target"": [""1"", ""3"", ""4""], ""time"": [1354, 3747, 4898]}, ""edge"": {""target"": [], ""time"": []}, ""clickable"": {""target"": [true, true, true], ""time"": [1356, 3749, 4900]}}, ""flowchart"": {""index"": {""target"": [], ""time"": []}, ""answer"": {""target"": [], ""time"": []}, ""correct"": {""target"": [], ""time"": []}, ""answer_stats"": {""total"": [], ""correct"": []}}, ""quiz_selection"": {""gt"": [], ""answer"": [], ""tp"": [], ""fp"": [], ""tn"": [], ""fn"": [], ""num_tp"": 0, ""num_fp"": 0, ""num_tn"": 0, ""num_fn"": 0}, ""mouseover"": {""state"": {""target"": [], ""time"": []}, ""edge"": {""target"": [], ""time"": []}}, ""mouseout"": {""state"": {""target"": [], ""time"": []}, ""edge"": {""target"": [], ""time"": []}}}, ""trialTime"": 11881, ""trial_type"": ""mouselab-mdp"", ""trial_index"": 17, ""time_elapsed"": 300935, ""internal_node_id"": ""0.0-4.0-1.0-9.0""}]"
38,1,instructions1,4,8.5,1,3,41,Female,1,"[{""stateRewards"": ["""", -10, 5, 5, -5, -5, 5, 10, -10, -5, -5, -10, 10], ""trial_id"": 53, ""block"": ""testing"", ""trialIndex"": 1, ""score"": -12, ""expectedScore"": 0, ""expectedRewards"": 0, ""simulationMode"": [], ""rewards"": [], ""path"": [""0""], ""rt"": [], ""delays"": [], ""actions"": [], ""actionTimes"": [], ""queries"": {""preselect"": {""state"": {""target"": [], ""time"": []}, ""clickable"": {""target"": [], ""time"": []}}, ""click"": {""state"": {""target"": [""11"", ""12"", ""10"", ""9"", ""8"", ""7"", ""6"", ""5"", ""3"", ""4"", ""2"", ""1""], ""time"": [1692, 3019, 5260, 6376, 8060, 9113, 10149, 11030, 14860, 15491, 16371, 16941]}, ""edge"": {""target"": [], ""time"": []}, ""clickable"": {""target"": [false, false, false, false, false, false, false, false, false, false, false, false], ""time"": [1693, 3020, 5261, 6378, 8061, 9114, 10150, 11030, 14861, 15492, 16372, 16942]}}, ""flowchart"": {""index"": {""target"": [], ""time"": []}, ""answer"": {""target"": [], ""time"": []}, ""correct"": {""target"": [], ""time"": []}, ""answer_stats"": {""total"": [], ""correct"": []}}, ""quiz_selection"": {""gt"": [], ""answer"": [], ""tp"": [], ""fp"": [], ""tn"": [], ""fn"": [], ""num_tp"": 0, ""num_fp"": 0, ""num_tn"": 0, ""num_fn"": 0}, ""mouseover"": {""state"": {""target"": [], ""time"": []}, ""edge"": {""target"": [], ""time"": []}}, ""mouseout"": {""state"": {""target"": [], ""time"": []}, ""edge"": {""target"": [], ""time"": []}}}, ""trialTime"": 24127, ""trial_type"": ""mouselab-mdp"", ""trial_index"": 12, ""time_elapsed"": 319044, ""internal_node_id"": ""0.0-4.0-1.0-0.0""}, {""stateRewards"": ["""", 10, -5, -10, -5, -5, 5, 5, -10, 5, 10, -5, -5], ""trial_id"": 39, ""block"": ""testing"", ""trialIndex"": 2, ""score"": 0, ""expectedScore"": 0, ""expectedRewards"": 0, ""simulationMode"": [], ""rewards"": [], ""path"": [""0""], ""rt"": [], ""delays"": [], ""actions"": [], ""actionTimes"": [], ""queries"": {""preselect"": {""state"": {""target"": [], ""time"": []}, ""clickable"": {""target"": [], ""time"": []}}, ""click"": {""state"": {""target"": [], ""time"": []}, ""edge"": {""target"": [], ""time"": []}, ""clickable"": {""target"": [], ""time"": []}}, ""flowchart"": {""index"": {""target"": [], ""time"": []}, ""answer"": {""target"": [], ""time"": []}, ""correct"": {""target"": [], ""time"": []}, ""answer_stats"": {""total"": [], ""correct"": []}}, ""quiz_selection"": {""gt"": [], ""answer"": [], ""tp"": [], ""fp"": [], ""tn"": [], ""fn"": [], ""num_tp"": 0, ""num_fp"": 0, ""num_tn"": 0, ""num_fn"": 0}, ""mouseover"": {""state"": {""target"": [], ""time"": []}, ""edge"": {""target"": [], ""time"": []}}, ""mouseout"": {""state"": {""target"": [], ""time"": []}, ""edge"": {""target"": [], ""time"": []}}}, ""trialTime"": 13731, ""trial_type"": ""mouselab-mdp"", ""trial_index"": 13, ""time_elapsed"": 336044, ""internal_node_id"": ""0.0-4.0-1.0-1.0""}, {""stateRewards"": ["""", 10, 5, -5, -5, 5, 5, 10, 10, 5, -5, -5, -5], ""trial_id"": 56, ""block"": ""testing"", ""trialIndex"": 3, ""score"": -12, ""expectedScore"": 0, ""expectedRewards"": 0, ""simulationMode"": [], ""rewards"": [], ""path"": [""0""], ""rt"": [], ""delays"": [], ""actions"": [], ""actionTimes"": [], ""queries"": {""preselect"": {""state"": {""target"": [], ""time"": []}, ""clickable"": {""target"": [], ""time"": []}}, ""click"": {""state"": {""target"": [""11"", ""12"", ""8"", ""6"", ""5"", ""7"", ""4"", ""3"", ""2"", ""1"", ""9"", ""10""], ""time"": [1262, 2007, 2667, 3735, 4317, 5937, 6616, 7524, 8216, 8996, 9981, 10335]}, ""edge"": {""target"": [], ""time"": []}, ""clickable"": {""target"": [false, false, false, false, false, false, false, false, false, false, false, false], ""time"": [1264, 2008, 2668, 3736, 4318, 5938, 6617, 7525, 8217, 8996, 9981, 10336]}}, ""flowchart"": {""index"": {""target"": [], ""time"": []}, ""answer"": {""target"": [], ""time"": []}, ""correct"": {""target"": [], ""time"": []}, ""answer_stats"": {""total"": [], ""correct"": []}}, ""quiz_selection"": {""gt"": [], ""answer"": [], ""tp"": [], ""fp"": [], ""tn"": [], ""fn"": [], ""num_tp"": 0, ""num_fp"": 0, ""num_tn"": 0, ""num_fn"": 0}, ""mouseover"": {""state"": {""target"": [], ""time"": []}, ""edge"": {""target"": [], ""time"": []}}, ""mouseout"": {""state"": {""target"": [], ""time"": []}, ""edge"": {""target"": [], ""time"": []}}}, ""trialTime"": 15191, ""trial_type"": ""mouselab-mdp"", ""trial_index"": 14, ""time_elapsed"": 354542, ""internal_node_id"": ""0.0-4.0-1.0-2.0""}, {""stateRewards"": ["""", -5, 10, -10, -10, 5, 5, -5, 5, 10, 5, -5, -5], ""trial_id"": 55, ""block"": ""testing"", ""trialIndex"": 4, ""score"": -12, ""expectedScore"": 0, ""expectedRewards"": 0, ""simulationMode"": [], ""rewards"": [], ""path"": [""0""], ""rt"": [], ""delays"": [], ""actions"": [], ""actionTimes"": [], ""queries"": {""preselect"": {""state"": {""target"": [], ""time"": []}, ""clickable"": {""target"": [], ""time"": []}}, ""click"": {""state"": {""target"": [""7"", ""3"", ""8"", ""6"", ""5"", ""2"", ""4"", ""1"", ""12"", ""11"", ""10"", ""9""], ""time"": [1816, 2384, 3375, 4893, 6465, 7772, 9011, 9882, 11552, 12343, 12883, 13462]}, ""edge"": {""target"": [], ""time"": []}, ""clickable"": {""target"": [false, false, false, true, true, false, false, false, false, false, false, false], ""time"": [1817, 2385, 3376, 4895, 6466, 7773, 9012, 9883, 11554, 12344, 12885, 13463]}}, ""flowchart"": {""index"": {""target"": [], ""time"": []}, ""answer"": {""target"": [], ""time"": []}, ""correct"": {""target"": [], ""time"": []}, ""answer_stats"": {""total"": [], ""correct"": []}}, ""quiz_selection"": {""gt"": [], ""answer"": [], ""tp"": [], ""fp"": [], ""tn"": [], ""fn"": [], ""num_tp"": 0, ""num_fp"": 0, ""num_tn"": 0, ""num_fn"": 0}, ""mouseover"": {""state"": {""target"": [], ""time"": []}, ""edge"": {""target"": [], ""time"": []}}, ""mouseout"": {""state"": {""target"": [], ""time"": []}, ""edge"": {""target"": [], ""time"": []}}}, ""trialTime"": 17938, ""trial_type"": ""mouselab-mdp"", ""trial_index"": 15, ""time_elapsed"": 375801, ""internal_node_id"": ""0.0-4.0-1.0-3.0""}, {""stateRewards"": ["""", 5, -5, -10, -5, 10, 5, 5, 5, -10, -10, -10, 5], ""trial_id"": 12, ""block"": ""testing"", ""trialIndex"": 5, ""score"": -12, ""expectedScore"": 0, ""expectedRewards"": 0, ""simulationMode"": [], ""rewards"": [], ""path"": [""0""], ""rt"": [], ""delays"": [], ""actions"": [], ""actionTimes"": [], ""queries"": {""preselect"": {""state"": {""target"": [], ""time"": []}, ""clickable"": {""target"": [], ""time"": []}}, ""click"": {""state"": {""target"": [""3"", ""8"", ""6"", ""5"", ""7"", ""4"", ""12"", ""9"", ""10"", ""11"", ""2"", ""1""], ""time"": [1689, 2670, 4398, 5301, 6339, 7098, 8500, 9649, 10492, 11140, 12009, 13299]}, ""edge"": {""target"": [], ""time"": []}, ""clickable"": {""target"": [false, false, true, true, true, false, false, false, false, false, false, false], ""time"": [1690, 2670, 4399, 5303, 6340, 7099, 8500, 9651, 10493, 11141, 12010, 13299]}}, ""flowchart"": {""index"": {""target"": [], ""time"": []}, ""answer"": {""target"": [], ""time"": []}, ""correct"": {""target"": [], ""time"": []}, ""answer_stats"": {""total"": [], ""correct"": []}}, ""quiz_selection"": {""gt"": [], ""answer"": [], ""tp"": [], ""fp"": [], ""tn"": [], ""fn"": [], ""num_tp"": 0, ""num_fp"": 0, ""num_tn"": 0, ""num_fn"": 0}, ""mouseover"": {""state"": {""target"": [], ""time"": []}, ""edge"": {""target"": [], ""time"": []}}, ""mouseout"": {""state"": {""target"": [], ""time"": []}, ""edge"": {""target"": [], ""time"": []}}}, ""trialTime"": 21272, ""trial_type"": ""mouselab-mdp"", ""trial_index"": 16, ""time_elapsed"": 400337, ""internal_node_id"": ""0.0-4.0-1.0-4.0""}, {""stateRewards"": ["""", 10, -5, 5, -5, 10, 5, 10, 5, -10, -10, 5, -10], ""trial_id"": 11, ""block"": ""testing"", ""trialIndex"": 6, ""score"": -6, ""expectedScore"": 0, ""expectedRewards"": 0, ""simulationMode"": [], ""rewards"": [], ""path"": [""0""], ""rt"": [], ""delays"": [], ""actions"": [], ""actionTimes"": [], ""queries"": {""preselect"": {""state"": {""target"": [], ""time"": []}, ""clickable"": {""target"": [], ""time"": []}}, ""click"": {""state"": {""target"": [""11"", ""10"", ""6"", ""7"", ""5"", ""8""], ""time"": [10828, 13647, 14990, 16691, 19541, 20628]}, ""edge"": {""target"": [], ""time"": []}, ""clickable"": {""target"": [false, true, true, false, false, false], ""time"": [10829, 13648, 14991, 16692, 19542, 20629]}}, ""flowchart"": {""index"": {""target"": [], ""time"": []}, ""answer"": {""target"": [], ""time"": []}, ""correct"": {""target"": [], ""time"": []}, ""answer_stats"": {""total"": [], ""correct"": []}}, ""quiz_selection"": {""gt"": [], ""answer"": [], ""tp"": [], ""fp"": [], ""tn"": [], ""fn"": [], ""num_tp"": 0, ""num_fp"": 0, ""num_tn"": 0, ""num_fn"": 0}, ""mouseover"": {""state"": {""target"": [], ""time"": []}, ""edge"": {""target"": [], ""time"": []}}, ""mouseout"": {""state"": {""target"": [], ""time"": []}, ""edge"": {""target"": [], ""time"": []}}}, ""trialTime"": 25374, ""trial_type"": ""mouselab-mdp"", ""trial_index"": 17, ""time_elapsed"": 429241, ""internal_node_id"": ""0.0-4.0-1.0-5.0""}, {""stateRewards"": ["""", -5, 10, 10, -5, 10, -10, 10, 10, -10, 10, -5, 5], ""trial_id"": 23, ""block"": ""testing"", ""trialIndex"": 7, ""score"": -4, ""expectedScore"": 0, ""expectedRewards"": 0, ""simulationMode"": [], ""rewards"": [], ""path"": [""0""], ""rt"": [], ""delays"": [], ""actions"": [], ""actionTimes"": [], ""queries"": {""preselect"": {""state"": {""target"": [], ""time"": []}, ""clickable"": {""target"": [], ""time"": []}}, ""click"": {""state"": {""target"": [""11"", ""12"", ""10"", ""9""], ""time"": [2257, 3417, 5009, 6084]}, ""edge"": {""target"": [], ""time"": []}, ""clickable"": {""target"": [false, false, true, false], ""time"": [2257, 3418, 5010, 6084]}}, ""flowchart"": {""index"": {""target"": [], ""time"": []}, ""answer"": {""target"": [], ""time"": []}, ""correct"": {""target"": [], ""time"": []}, ""answer_stats"": {""total"": [], ""correct"": []}}, ""quiz_selection"": {""gt"": [], ""answer"": [], ""tp"": [], ""fp"": [], ""tn"": [], ""fn"": [], ""num_tp"": 0, ""num_fp"": 0, ""num_tn"": 0, ""num_fn"": 0}, ""mouseover"": {""state"": {""target"": [], ""time"": []}, ""edge"": {""target"": [], ""time"": []}}, ""mouseout"": {""state"": {""target"": [], ""time"": []}, ""edge"": {""target"": [], ""time"": []}}}, ""trialTime"": 10874, ""trial_type"": ""mouselab-mdp"", ""trial_index"": 18, ""time_elapsed"": 443501, ""internal_node_id"": ""0.0-4.0-1.0-6.0""}, {""stateRewards"": ["""", -5, -10, -5, -10, -10, -5, 10, -5, -10, 5, 10, -5], ""trial_id"": 57, ""block"": ""testing"", ""trialIndex"": 8, ""score"": -4, ""expectedScore"": 0, ""expectedRewards"": 0, ""simulationMode"": [], ""rewards"": [], ""path"": [""0""], ""rt"": [], ""delays"": [], ""actions"": [], ""actionTimes"": [], ""queries"": {""preselect"": {""state"": {""target"": [], ""time"": []}, ""clickable"": {""target"": [], ""time"": []}}, ""click"": {""state"": {""target"": [""12"", ""11"", ""10"", ""9""], ""time"": [2010, 2902, 4061, 4749]}, ""edge"": {""target"": [], ""time"": []}, ""clickable"": {""target"": [false, false, false, false], ""time"": [2011, 2903, 4061, 4750]}}, ""flowchart"": {""index"": {""target"": [], ""time"": []}, ""answer"": {""target"": [], ""time"": []}, ""correct"": {""target"": [], ""time"": []}, ""answer_stats"": {""total"": [], ""correct"": []}}, ""quiz_selection"": {""gt"": [], ""answer"": [], ""tp"": [], ""fp"": [], ""tn"": [], ""fn"": [], ""num_tp"": 0, ""num_fp"": 0, ""num_tn"": 0, ""num_fn"": 0}, ""mouseover"": {""state"": {""target"": [], ""time"": []}, ""edge"": {""target"": [], ""time"": []}}, ""mouseout"": {""state"": {""target"": [], ""time"": []}, ""edge"": {""target"": [], ""time"": []}}}, ""trialTime"": 10955, ""trial_type"": ""mouselab-mdp"", ""trial_index"": 19, ""time_elapsed"": 457738, ""internal_node_id"": ""0.0-4.0-1.0-7.0""}, {""stateRewards"": ["""", -5, -10, 10, 5, -5, -10, 10, 10, 10, -5, -10, -5], ""trial_id"": 27, ""block"": ""testing"", ""trialIndex"": 9, ""score"": -9, ""expectedScore"": 0, ""expectedRewards"": 0, ""simulationMode"": [], ""rewards"": [], ""path"": [""0""], ""rt"": [], ""delays"": [], ""actions"": [], ""actionTimes"": [], ""queries"": {""preselect"": {""state"": {""target"": [], ""time"": []}, ""clickable"": {""target"": [], ""time"": []}}, ""click"": {""state"": {""target"": [""11"", ""12"", ""7"", ""6"", ""3"", ""2"", ""5"", ""1"", ""10""], ""time"": [1543, 2338, 3691, 4880, 5971, 7338, 8412, 9462, 10543]}, ""edge"": {""target"": [], ""time"": []}, ""clickable"": {""target"": [false, false, false, false, false, false, false, false, false], ""time"": [1544, 2339, 3693, 4882, 5972, 7339, 8413, 9464, 10543]}}, ""flowchart"": {""index"": {""target"": [], ""time"": []}, ""answer"": {""target"": [], ""time"": []}, ""correct"": {""target"": [], ""time"": []}, ""answer_stats"": {""total"": [], ""correct"": []}}, ""quiz_selection"": {""gt"": [], ""answer"": [], ""tp"": [], ""fp"": [], ""tn"": [], ""fn"": [], ""num_tp"": 0, ""num_fp"": 0, ""num_tn"": 0, ""num_fn"": 0}, ""mouseover"": {""state"": {""target"": [], ""time"": []}, ""edge"": {""target"": [], ""time"": []}}, ""mouseout"": {""state"": {""target"": [], ""time"": []}, ""edge"": {""target"": [], ""time"": []}}}, ""trialTime"": 14609, ""trial_type"": ""mouselab-mdp"", ""trial_index"": 20, ""time_elapsed"": 475602, ""internal_node_id"": ""0.0-4.0-1.0-8.0""}, {""stateRewards"": ["""", 10, 10, 10, 10, 5, 5, 10, 5, -5, 5, 5, 5], ""trial_id"": 18, ""block"": ""testing"", ""trialIndex"": 10, ""score"": -4, ""expectedScore"": 0, ""expectedRewards"": 0, ""simulationMode"": [], ""rewards"": [], ""path"": [""0""], ""rt"": [], ""delays"": [], ""actions"": [], ""actionTimes"": [], ""queries"": {""preselect"": {""state"": {""target"": [], ""time"": []}, ""clickable"": {""target"": [], ""time"": []}}, ""click"": {""state"": {""target"": [""3"", ""2"", ""4"", ""1""], ""time"": [1565, 3715, 5252, 6307]}, ""edge"": {""target"": [], ""time"": []}, ""clickable"": {""target"": [false, false, false, false], ""time"": [1566, 3715, 5253, 6308]}}, ""flowchart"": {""index"": {""target"": [], ""time"": []}, ""answer"": {""target"": [], ""time"": []}, ""correct"": {""target"": [], ""time"": []}, ""answer_stats"": {""total"": [], ""correct"": []}}, ""quiz_selection"": {""gt"": [], ""answer"": [], ""tp"": [], ""fp"": [], ""tn"": [], ""fn"": [], ""num_tp"": 0, ""num_fp"": 0, ""num_tn"": 0, ""num_fn"": 0}, ""mouseover"": {""state"": {""target"": [], ""time"": []}, ""edge"": {""target"": [], ""time"": []}}, ""mouseout"": {""state"": {""target"": [], ""time"": []}, ""edge"": {""target"": [], ""time"": []}}}, ""trialTime"": 10102, ""trial_type"": ""mouselab-mdp"", ""trial_index"": 21, ""time_elapsed"": 489072, ""internal_node_id"": ""0.0-4.0-1.0-9.0""}]"
39,1,instructions1,4,6.0,1,1,-,-,0,"[{""stateRewards"": ["""", 10, 10, 10, 10, -5, -5, 10, 10, -5, 10, -10, -10], ""trial_id"": 47, ""block"": ""testing"", ""trialIndex"": 1, ""score"": -3, ""expectedScore"": 0, ""expectedRewards"": 0, ""simulationMode"": [], ""rewards"": [], ""path"": [""0""], ""rt"": [], ""delays"": [], ""actions"": [], ""actionTimes"": [], ""queries"": {""preselect"": {""state"": {""target"": [], ""time"": []}, ""clickable"": {""target"": [], ""time"": []}}, ""click"": {""state"": {""target"": [""10"", ""11"", ""12""], ""time"": [12625, 21969, 24021]}, ""edge"": {""target"": [], ""time"": []}, ""clickable"": {""target"": [true, true, true], ""time"": [12627, 21972, 24024]}}, ""flowchart"": {""index"": {""target"": [], ""time"": []}, ""answer"": {""target"": [], ""time"": []}, ""correct"": {""target"": [], ""time"": []}, ""answer_stats"": {""total"": [], ""correct"": []}}, ""quiz_selection"": {""gt"": [], ""answer"": [], ""tp"": [], ""fp"": [], ""tn"": [], ""fn"": [], ""num_tp"": 0, ""num_fp"": 0, ""num_tn"": 0, ""num_fn"": 0}, ""mouseover"": {""state"": {""target"": [], ""time"": []}, ""edge"": {""target"": [], ""time"": []}}, ""mouseout"": {""state"": {""target"": [], ""time"": []}, ""edge"": {""target"": [], ""time"": []}}}, ""trialTime"": 32992, ""trial_type"": ""mouselab-mdp"", ""trial_index"": 8, ""time_elapsed"": 198698, ""internal_node_id"": ""0.0-4.0-1.0-0.0""}, {""stateRewards"": ["""", 10, 5, -5, 5, -10, -10, 10, 10, -10, 10, -10, 5], ""trial_id"": 29, ""block"": ""testing"", ""trialIndex"": 2, ""score"": -4, ""expectedScore"": 0, ""expectedRewards"": 0, ""simulationMode"": [], ""rewards"": [], ""path"": [""0""], ""rt"": [], ""delays"": [], ""actions"": [], ""actionTimes"": [], ""queries"": {""preselect"": {""state"": {""target"": [], ""time"": []}, ""clickable"": {""target"": [], ""time"": []}}, ""click"": {""state"": {""target"": [""6"", ""1"", ""4"", ""3""], ""time"": [4477, 6946, 10077, 11856]}, ""edge"": {""target"": [], ""time"": []}, ""clickable"": {""target"": [true, true, true, true], ""time"": [4480, 6949, 10081, 11857]}}, ""flowchart"": {""index"": {""target"": [], ""time"": []}, ""answer"": {""target"": [], ""time"": []}, ""correct"": {""target"": [], ""time"": []}, ""answer_stats"": {""total"": [], ""correct"": []}}, ""quiz_selection"": {""gt"": [], ""answer"": [], ""tp"": [], ""fp"": [], ""tn"": [], ""fn"": [], ""num_tp"": 0, ""num_fp"": 0, ""num_tn"": 0, ""num_fn"": 0}, ""mouseover"": {""state"": {""target"": [], ""time"": []}, ""edge"": {""target"": [], ""time"": []}}, ""mouseout"": {""state"": {""target"": [], ""time"": []}, ""edge"": {""target"": [], ""time"": []}}}, ""trialTime"": 16958, ""trial_type"": ""mouselab-mdp"", ""trial_index"": 9, ""time_elapsed"": 217065, ""internal_node_id"": ""0.0-4.0-1.0-1.0""}, {""stateRewards"": ["""", 10, -5, 5, -10, -5, 5, 10, -10, 5, 10, 10, 10], ""trial_id"": 32, ""block"": ""testing"", ""trialIndex"": 3, ""score"": -6, ""expectedScore"": 0, ""expectedRewards"": 0, ""simulationMode"": [], ""rewards"": [], ""path"": [""0""], ""rt"": [], ""delays"": [], ""actions"": [], ""actionTimes"": [], ""queries"": {""preselect"": {""state"": {""target"": [], ""time"": []}, ""clickable"": {""target"": [], ""time"": []}}, ""click"": {""state"": {""target"": [""5"", ""2"", ""9"", ""10"", ""12"", ""11""], ""time"": [3004, 5639, 7051, 8771, 11902, 13237]}, ""edge"": {""target"": [], ""time"": []}, ""clickable"": {""target"": [true, true, true, true, true, true], ""time"": [3006, 5641, 7054, 8775, 11906, 13239]}}, ""flowchart"": {""index"": {""target"": [], ""time"": []}, ""answer"": {""target"": [], ""time"": []}, ""correct"": {""target"": [], ""time"": []}, ""answer_stats"": {""total"": [], ""correct"": []}}, ""quiz_selection"": {""gt"": [], ""answer"": [], ""tp"": [], ""fp"": [], ""tn"": [], ""fn"": [], ""num_tp"": 0, ""num_fp"": 0, ""num_tn"": 0, ""num_fn"": 0}, ""mouseover"": {""state"": {""target"": [], ""time"": []}, ""edge"": {""target"": [], ""time"": []}}, ""mouseout"": {""state"": {""target"": [], ""time"": []}, ""edge"": {""target"": [], ""time"": []}}}, ""trialTime"": 17905, ""trial_type"": ""mouselab-mdp"", ""trial_index"": 10, ""time_elapsed"": 236282, ""internal_node_id"": ""0.0-4.0-1.0-2.0""}, {""stateRewards"": ["""", 5, 10, -5, -10, 5, 5, -10, 10, 10, -5, -10, 5], ""trial_id"": 54, ""block"": ""testing"", ""trialIndex"": 4, ""score"": -4, ""expectedScore"": 0, ""expectedRewards"": 0, ""simulationMode"": [], ""rewards"": [], ""path"": [""0""], ""rt"": [], ""delays"": [], ""actions"": [], ""actionTimes"": [], ""queries"": {""preselect"": {""state"": {""target"": [], ""time"": []}, ""clickable"": {""target"": [], ""time"": []}}, ""click"": {""state"": {""target"": [""10"", ""2"", ""4"", ""3""], ""time"": [2961, 4249, 6755, 8488]}, ""edge"": {""target"": [], ""time"": []}, ""clickable"": {""target"": [true, true, true, true], ""time"": [2966, 4252, 6758, 8491]}}, ""flowchart"": {""index"": {""target"": [], ""time"": []}, ""answer"": {""target"": [], ""time"": []}, ""correct"": {""target"": [], ""time"": []}, ""answer_stats"": {""total"": [], ""correct"": []}}, ""quiz_selection"": {""gt"": [], ""answer"": [], ""tp"": [], ""fp"": [], ""tn"": [], ""fn"": [], ""num_tp"": 0, ""num_fp"": 0, ""num_tn"": 0, ""num_fn"": 0}, ""mouseover"": {""state"": {""target"": [], ""time"": []}, ""edge"": {""target"": [], ""time"": []}}, ""mouseout"": {""state"": {""target"": [], ""time"": []}, ""edge"": {""target"": [], ""time"": []}}}, ""trialTime"": 13175, ""trial_type"": ""mouselab-mdp"", ""trial_index"": 11, ""time_elapsed"": 250748, ""internal_node_id"": ""0.0-4.0-1.0-3.0""}, {""stateRewards"": ["""", -10, 5, -10, 5, 10, 10, -5, -10, -5, 10, -5, 10], ""trial_id"": 42, ""block"": ""testing"", ""trialIndex"": 5, ""score"": -3, ""expectedScore"": 0, ""expectedRewards"": 0, ""simulationMode"": [], ""rewards"": [], ""path"": [""0""], ""rt"": [], ""delays"": [], ""actions"": [], ""actionTimes"": [], ""queries"": {""preselect"": {""state"": {""target"": [], ""time"": []}, ""clickable"": {""target"": [], ""time"": []}}, ""click"": {""state"": {""target"": [""10"", ""12"", ""11""], ""time"": [1565, 3853, 5084]}, ""edge"": {""target"": [], ""time"": []}, ""clickable"": {""target"": [true, true, true], ""time"": [1568, 3856, 5087]}}, ""flowchart"": {""index"": {""target"": [], ""time"": []}, ""answer"": {""target"": [], ""time"": []}, ""correct"": {""target"": [], ""time"": []}, ""answer_stats"": {""total"": [], ""correct"": []}}, ""quiz_selection"": {""gt"": [], ""answer"": [], ""tp"": [], ""fp"": [], ""tn"": [], ""fn"": [], ""num_tp"": 0, ""num_fp"": 0, ""num_tn"": 0, ""num_fn"": 0}, ""mouseover"": {""state"": {""target"": [], ""time"": []}, ""edge"": {""target"": [], ""time"": []}}, ""mouseout"": {""state"": {""target"": [], ""time"": []}, ""edge"": {""target"": [], ""time"": []}}}, ""trialTime"": 12489, ""trial_type"": ""mouselab-mdp"", ""trial_index"": 12, ""time_elapsed"": 264522, ""internal_node_id"": ""0.0-4.0-1.0-4.0""}, {""stateRewards"": ["""", -5, 10, 10, 5, 5, -5, 5, -10, 5, -5, -5, -5], ""trial_id"": 30, ""block"": ""testing"", ""trialIndex"": 6, ""score"": -4, ""expectedScore"": 0, ""expectedRewards"": 0, ""simulationMode"": [], ""rewards"": [], ""path"": [""0""], ""rt"": [], ""delays"": [], ""actions"": [], ""actionTimes"": [], ""queries"": {""preselect"": {""state"": {""target"": [], ""time"": []}, ""clickable"": {""target"": [], ""time"": []}}, ""click"": {""state"": {""target"": [""6"", ""2"", ""4"", ""3""], ""time"": [6107, 7601, 9849, 10727]}, ""edge"": {""target"": [], ""time"": []}, ""clickable"": {""target"": [true, true, true, true], ""time"": [6111, 7605, 9853, 10729]}}, ""flowchart"": {""index"": {""target"": [], ""time"": []}, ""answer"": {""target"": [], ""time"": []}, ""correct"": {""target"": [], ""time"": []}, ""answer_stats"": {""total"": [], ""correct"": []}}, ""quiz_selection"": {""gt"": [], ""answer"": [], ""tp"": [], ""fp"": [], ""tn"": [], ""fn"": [], ""num_tp"": 0, ""num_fp"": 0, ""num_tn"": 0, ""num_fn"": 0}, ""mouseover"": {""state"": {""target"": [], ""time"": []}, ""edge"": {""target"": [], ""time"": []}}, ""mouseout"": {""state"": {""target"": [], ""time"": []}, ""edge"": {""target"": [], ""time"": []}}}, ""trialTime"": 16546, ""trial_type"": ""mouselab-mdp"", ""trial_index"": 13, ""time_elapsed"": 282393, ""internal_node_id"": ""0.0-4.0-1.0-5.0""}, {""stateRewards"": ["""", -10, 10, 10, 5, -10, -10, 10, 5, -5, 5, 10, -10], ""trial_id"": 34, ""block"": ""testing"", ""trialIndex"": 7, ""score"": -4, ""expectedScore"": 0, ""expectedRewards"": 0, ""simulationMode"": [], ""rewards"": [], ""path"": [""0""], ""rt"": [], ""delays"": [], ""actions"": [], ""actionTimes"": [], ""queries"": {""preselect"": {""state"": {""target"": [], ""time"": []}, ""clickable"": {""target"": [], ""time"": []}}, ""click"": {""state"": {""target"": [""10"", ""9"", ""1"", ""6""], ""time"": [1805, 4582, 6708, 8479]}, ""edge"": {""target"": [], ""time"": []}, ""clickable"": {""target"": [true, true, true, true], ""time"": [1807, 4586, 6711, 8480]}}, ""flowchart"": {""index"": {""target"": [], ""time"": []}, ""answer"": {""target"": [], ""time"": []}, ""correct"": {""target"": [], ""time"": []}, ""answer_stats"": {""total"": [], ""correct"": []}}, ""quiz_selection"": {""gt"": [], ""answer"": [], ""tp"": [], ""fp"": [], ""tn"": [], ""fn"": [], ""num_tp"": 0, ""num_fp"": 0, ""num_tn"": 0, ""num_fn"": 0}, ""mouseover"": {""state"": {""target"": [], ""time"": []}, ""edge"": {""target"": [], ""time"": []}}, ""mouseout"": {""state"": {""target"": [], ""time"": []}, ""edge"": {""target"": [], ""time"": []}}}, ""trialTime"": 19353, ""trial_type"": ""mouselab-mdp"", ""trial_index"": 14, ""time_elapsed"": 303063, ""internal_node_id"": ""0.0-4.0-1.0-6.0""}, {""stateRewards"": ["""", -5, -10, 5, 10, 5, -10, -5, 10, 10, -5, 10, 5], ""trial_id"": 52, ""block"": ""testing"", ""trialIndex"": 8, ""score"": -6, ""expectedScore"": 0, ""expectedRewards"": 0, ""simulationMode"": [], ""rewards"": [], ""path"": [""0""], ""rt"": [], ""delays"": [], ""actions"": [], ""actionTimes"": [], ""queries"": {""preselect"": {""state"": {""target"": [], ""time"": []}, ""clickable"": {""target"": [], ""time"": []}}, ""click"": {""state"": {""target"": [""6"", ""1"", ""10"", ""9"", ""12"", ""11""], ""time"": [1588, 3783, 5301, 6961, 9215, 10118]}, ""edge"": {""target"": [], ""time"": []}, ""clickable"": {""target"": [true, true, true, true, true, true], ""time"": [1589, 3787, 5303, 6962, 9218, 10121]}}, ""flowchart"": {""index"": {""target"": [], ""time"": []}, ""answer"": {""target"": [], ""time"": []}, ""correct"": {""target"": [], ""time"": []}, ""answer_stats"": {""total"": [], ""correct"": []}}, ""quiz_selection"": {""gt"": [], ""answer"": [], ""tp"": [], ""fp"": [], ""tn"": [], ""fn"": [], ""num_tp"": 0, ""num_fp"": 0, ""num_tn"": 0, ""num_fn"": 0}, ""mouseover"": {""state"": {""target"": [], ""time"": []}, ""edge"": {""target"": [], ""time"": []}}, ""mouseout"": {""state"": {""target"": [], ""time"": []}, ""edge"": {""target"": [], ""time"": []}}}, ""trialTime"": 15680, ""trial_type"": ""mouselab-mdp"", ""trial_index"": 15, ""time_elapsed"": 320069, ""internal_node_id"": ""0.0-4.0-1.0-7.0""}, {""stateRewards"": ["""", 10, -5, 5, 10, 5, -5, -5, 5, -10, 10, 5, 10], ""trial_id"": 44, ""block"": ""testing"", ""trialIndex"": 9, ""score"": -6, ""expectedScore"": 0, ""expectedRewards"": 0, ""simulationMode"": [], ""rewards"": [], ""path"": [""0""], ""rt"": [], ""delays"": [], ""actions"": [], ""actionTimes"": [], ""queries"": {""preselect"": {""state"": {""target"": [], ""time"": []}, ""clickable"": {""target"": [], ""time"": []}}, ""click"": {""state"": {""target"": [""2"", ""5"", ""6"", ""10"", ""12"", ""11""], ""time"": [2249, 3821, 5524, 7682, 9674, 10671]}, ""edge"": {""target"": [], ""time"": []}, ""clickable"": {""target"": [true, true, true, true, true, true], ""time"": [2250, 3824, 5527, 7686, 9677, 10674]}}, ""flowchart"": {""index"": {""target"": [], ""time"": []}, ""answer"": {""target"": [], ""time"": []}, ""correct"": {""target"": [], ""time"": []}, ""answer_stats"": {""total"": [], ""correct"": []}}, ""quiz_selection"": {""gt"": [], ""answer"": [], ""tp"": [], ""fp"": [], ""tn"": [], ""fn"": [], ""num_tp"": 0, ""num_fp"": 0, ""num_tn"": 0, ""num_fn"": 0}, ""mouseover"": {""state"": {""target"": [], ""time"": []}, ""edge"": {""target"": [], ""time"": []}}, ""mouseout"": {""state"": {""target"": [], ""time"": []}, ""edge"": {""target"": [], ""time"": []}}}, ""trialTime"": 14451, ""trial_type"": ""mouselab-mdp"", ""trial_index"": 16, ""time_elapsed"": 335821, ""internal_node_id"": ""0.0-4.0-1.0-8.0""}, {""stateRewards"": ["""", 5, 10, -10, -10, 5, -5, 5, -5, 5, -10, 5, -10], ""trial_id"": 21, ""block"": ""testing"", ""trialIndex"": 10, ""score"": -4, ""expectedScore"": 0, ""expectedRewards"": 0, ""simulationMode"": [], ""rewards"": [], ""path"": [""0""], ""rt"": [], ""delays"": [], ""actions"": [], ""actionTimes"": [], ""queries"": {""preselect"": {""state"": {""target"": [], ""time"": []}, ""clickable"": {""target"": [], ""time"": []}}, ""click"": {""state"": {""target"": [""10"", ""2"", ""4"", ""3""], ""time"": [1754, 2898, 4608, 5631]}, ""edge"": {""target"": [], ""time"": []}, ""clickable"": {""target"": [true, true, true, true], ""time"": [1755, 2903, 4612, 5635]}}, ""flowchart"": {""index"": {""target"": [], ""time"": []}, ""answer"": {""target"": [], ""time"": []}, ""correct"": {""target"": [], ""time"": []}, ""answer_stats"": {""total"": [], ""correct"": []}}, ""quiz_selection"": {""gt"": [], ""answer"": [], ""tp"": [], ""fp"": [], ""tn"": [], ""fn"": [], ""num_tp"": 0, ""num_fp"": 0, ""num_tn"": 0, ""num_fn"": 0}, ""mouseover"": {""state"": {""target"": [], ""time"": []}, ""edge"": {""target"": [], ""time"": []}}, ""mouseout"": {""state"": {""target"": [], ""time"": []}, ""edge"": {""target"": [], ""time"": []}}}, ""trialTime"": 12109, ""trial_type"": ""mouselab-mdp"", ""trial_index"": 17, ""time_elapsed"": 349294, ""internal_node_id"": ""0.0-4.0-1.0-9.0""}]"
40,1,instructions1,4,9.7,1,1,43,Male,0,"[{""stateRewards"": ["""", -5, -5, 5, -10, -5, 5, -5, -5, 5, -10, -5, 10], ""trial_id"": 6, ""block"": ""testing"", ""trialIndex"": 1, ""score"": -4, ""expectedScore"": 0, ""expectedRewards"": 0, ""simulationMode"": [], ""rewards"": [], ""path"": [""0""], ""rt"": [], ""delays"": [], ""actions"": [], ""actionTimes"": [], ""queries"": {""preselect"": {""state"": {""target"": [], ""time"": []}, ""clickable"": {""target"": [], ""time"": []}}, ""click"": {""state"": {""target"": [""1"", ""6"", ""5"", ""10""], ""time"": [14773, 19382, 21082, 24271]}, ""edge"": {""target"": [], ""time"": []}, ""clickable"": {""target"": [true, true, true, true], ""time"": [14773, 19383, 21083, 24272]}}, ""flowchart"": {""index"": {""target"": [], ""time"": []}, ""answer"": {""target"": [], ""time"": []}, ""correct"": {""target"": [], ""time"": []}, ""answer_stats"": {""total"": [], ""correct"": []}}, ""quiz_selection"": {""gt"": [], ""answer"": [], ""tp"": [], ""fp"": [], ""tn"": [], ""fn"": [], ""num_tp"": 0, ""num_fp"": 0, ""num_tn"": 0, ""num_fn"": 0}, ""mouseover"": {""state"": {""target"": [], ""time"": []}, ""edge"": {""target"": [], ""time"": []}}, ""mouseout"": {""state"": {""target"": [], ""time"": []}, ""edge"": {""target"": [], ""time"": []}}}, ""trialTime"": 41811, ""trial_type"": ""mouselab-mdp"", ""trial_index"": 8, ""time_elapsed"": 313213, ""internal_node_id"": ""0.0-4.0-1.0-0.0""}, {""stateRewards"": ["""", 5, -10, 10, -5, -5, 5, 10, -5, 5, 10, -5, -5], ""trial_id"": 2, ""block"": ""testing"", ""trialIndex"": 2, ""score"": -6, ""expectedScore"": 0, ""expectedRewards"": 0, ""simulationMode"": [], ""rewards"": [], ""path"": [""0""], ""rt"": [], ""delays"": [], ""actions"": [], ""actionTimes"": [], ""queries"": {""preselect"": {""state"": {""target"": [], ""time"": []}, ""clickable"": {""target"": [], ""time"": []}}, ""click"": {""state"": {""target"": [""1"", ""2"", ""5"", ""10"", ""11"", ""12""], ""time"": [8521, 10141, 11689, 13115, 22932, 24336]}, ""edge"": {""target"": [], ""time"": []}, ""clickable"": {""target"": [true, true, true, true, true, true], ""time"": [8522, 10142, 11690, 13116, 22932, 24337]}}, ""flowchart"": {""index"": {""target"": [], ""time"": []}, ""answer"": {""target"": [], ""time"": []}, ""correct"": {""target"": [], ""time"": []}, ""answer_stats"": {""total"": [], ""correct"": []}}, ""quiz_selection"": {""gt"": [], ""answer"": [], ""tp"": [], ""fp"": [], ""tn"": [], ""fn"": [], ""num_tp"": 0, ""num_fp"": 0, ""num_tn"": 0, ""num_fn"": 0}, ""mouseover"": {""state"": {""target"": [], ""time"": []}, ""edge"": {""target"": [], ""time"": []}}, ""mouseout"": {""state"": {""target"": [], ""time"": []}, ""edge"": {""target"": [], ""time"": []}}}, ""trialTime"": 29690, ""trial_type"": ""mouselab-mdp"", ""trial_index"": 9, ""time_elapsed"": 344092, ""internal_node_id"": ""0.0-4.0-1.0-1.0""}, {""stateRewards"": ["""", -10, 5, 10, 5, -10, 5, -5, 5, 10, 5, 5, -5], ""trial_id"": 41, ""block"": ""testing"", ""trialIndex"": 3, ""score"": -8, ""expectedScore"": 0, ""expectedRewards"": 0, ""simulationMode"": [], ""rewards"": [], ""path"": [""0""], ""rt"": [], ""delays"": [], ""actions"": [], ""actionTimes"": [], ""queries"": {""preselect"": {""state"": {""target"": [], ""time"": []}, ""clickable"": {""target"": [], ""time"": []}}, ""click"": {""state"": {""target"": [""2"", ""1"", ""6"", ""5"", ""10"", ""9"", ""11"", ""12""], ""time"": [10624, 11526, 13048, 13822, 15652, 17714, 20832, 23489]}, ""edge"": {""target"": [], ""time"": []}, ""clickable"": {""target"": [true, true, true, true, true, true, true, true], ""time"": [10625, 11527, 13048, 13822, 15652, 17715, 20832, 23490]}}, ""flowchart"": {""index"": {""target"": [], ""time"": []}, ""answer"": {""target"": [], ""time"": []}, ""correct"": {""target"": [], ""time"": []}, ""answer_stats"": {""total"": [], ""correct"": []}}, ""quiz_selection"": {""gt"": [], ""answer"": [], ""tp"": [], ""fp"": [], ""tn"": [], ""fn"": [], ""num_tp"": 0, ""num_fp"": 0, ""num_tn"": 0, ""num_fn"": 0}, ""mouseover"": {""state"": {""target"": [], ""time"": []}, ""edge"": {""target"": [], ""time"": []}}, ""mouseout"": {""state"": {""target"": [], ""time"": []}, ""edge"": {""target"": [], ""time"": []}}}, ""trialTime"": 28412, ""trial_type"": ""mouselab-mdp"", ""trial_index"": 10, ""time_elapsed"": 373692, ""internal_node_id"": ""0.0-4.0-1.0-2.0""}, {""stateRewards"": ["""", 5, 5, 5, 10, -5, -5, 10, 10, -10, 10, 5, -10], ""trial_id"": 9, ""block"": ""testing"", ""trialIndex"": 4, ""score"": -4, ""expectedScore"": 0, ""expectedRewards"": 0, ""simulationMode"": [], ""rewards"": [], ""path"": [""0""], ""rt"": [], ""delays"": [], ""actions"": [], ""actionTimes"": [], ""queries"": {""preselect"": {""state"": {""target"": [], ""time"": []}, ""clickable"": {""target"": [], ""time"": []}}, ""click"": {""state"": {""target"": [""6"", ""10"", ""12"", ""11""], ""time"": [7144, 8411, 13815, 15138]}, ""edge"": {""target"": [], ""time"": []}, ""clickable"": {""target"": [true, true, true, true], ""time"": [7145, 8412, 13815, 15139]}}, ""flowchart"": {""index"": {""target"": [], ""time"": []}, ""answer"": {""target"": [], ""time"": []}, ""correct"": {""target"": [], ""time"": []}, ""answer_stats"": {""total"": [], ""correct"": []}}, ""quiz_selection"": {""gt"": [], ""answer"": [], ""tp"": [], ""fp"": [], ""tn"": [], ""fn"": [], ""num_tp"": 0, ""num_fp"": 0, ""num_tn"": 0, ""num_fn"": 0}, ""mouseover"": {""state"": {""target"": [], ""time"": []}, ""edge"": {""target"": [], ""time"": []}}, ""mouseout"": {""state"": {""target"": [], ""time"": []}, ""edge"": {""target"": [], ""time"": []}}}, ""trialTime"": 22546, ""trial_type"": ""mouselab-mdp"", ""trial_index"": 11, ""time_elapsed"": 397428, ""internal_node_id"": ""0.0-4.0-1.0-3.0""}, {""stateRewards"": ["""", 5, 5, -10, -10, 10, 5, 5, 5, -5, 10, -5, -10], ""trial_id"": 16, ""block"": ""testing"", ""trialIndex"": 5, ""score"": -3, ""expectedScore"": 0, ""expectedRewards"": 0, ""simulationMode"": [], ""rewards"": [], ""path"": [""0""], ""rt"": [], ""delays"": [], ""actions"": [], ""actionTimes"": [], ""queries"": {""preselect"": {""state"": {""target"": [], ""time"": []}, ""clickable"": {""target"": [], ""time"": []}}, ""click"": {""state"": {""target"": [""10"", ""12"", ""11""], ""time"": [3970, 6856, 8605]}, ""edge"": {""target"": [], ""time"": []}, ""clickable"": {""target"": [true, true, true], ""time"": [3970, 6856, 8606]}}, ""flowchart"": {""index"": {""target"": [], ""time"": []}, ""answer"": {""target"": [], ""time"": []}, ""correct"": {""target"": [], ""time"": []}, ""answer_stats"": {""total"": [], ""correct"": []}}, ""quiz_selection"": {""gt"": [], ""answer"": [], ""tp"": [], ""fp"": [], ""tn"": [], ""fn"": [], ""num_tp"": 0, ""num_fp"": 0, ""num_tn"": 0, ""num_fn"": 0}, ""mouseover"": {""state"": {""target"": [], ""time"": []}, ""edge"": {""target"": [], ""time"": []}}, ""mouseout"": {""state"": {""target"": [], ""time"": []}, ""edge"": {""target"": [], ""time"": []}}}, ""trialTime"": 14133, ""trial_type"": ""mouselab-mdp"", ""trial_index"": 12, ""time_elapsed"": 412748, ""internal_node_id"": ""0.0-4.0-1.0-4.0""}, {""stateRewards"": ["""", 10, -5, 5, 10, 5, -5, -5, 5, -10, 10, 5, 10], ""trial_id"": 44, ""block"": ""testing"", ""trialIndex"": 6, ""score"": -5, ""expectedScore"": 0, ""expectedRewards"": 0, ""simulationMode"": [], ""rewards"": [], ""path"": [""0""], ""rt"": [], ""delays"": [], ""actions"": [], ""actionTimes"": [], ""queries"": {""preselect"": {""state"": {""target"": [], ""time"": []}, ""clickable"": {""target"": [], ""time"": []}}, ""click"": {""state"": {""target"": [""9"", ""6"", ""1"", ""3"", ""4""], ""time"": [5890, 7135, 9308, 12713, 15734]}, ""edge"": {""target"": [], ""time"": []}, ""clickable"": {""target"": [true, true, true, true, true], ""time"": [5891, 7135, 9309, 12714, 15734]}}, ""flowchart"": {""index"": {""target"": [], ""time"": []}, ""answer"": {""target"": [], ""time"": []}, ""correct"": {""target"": [], ""time"": []}, ""answer_stats"": {""total"": [], ""correct"": []}}, ""quiz_selection"": {""gt"": [], ""answer"": [], ""tp"": [], ""fp"": [], ""tn"": [], ""fn"": [], ""num_tp"": 0, ""num_fp"": 0, ""num_tn"": 0, ""num_fn"": 0}, ""mouseover"": {""state"": {""target"": [], ""time"": []}, ""edge"": {""target"": [], ""time"": []}}, ""mouseout"": {""state"": {""target"": [], ""time"": []}, ""edge"": {""target"": [], ""time"": []}}}, ""trialTime"": 21007, ""trial_type"": ""mouselab-mdp"", ""trial_index"": 13, ""time_elapsed"": 434940, ""internal_node_id"": ""0.0-4.0-1.0-5.0""}, {""stateRewards"": ["""", -5, -10, 5, -5, 5, -10, 5, 10, -5, 10, -5, -5], ""trial_id"": 36, ""block"": ""testing"", ""trialIndex"": 7, ""score"": -3, ""expectedScore"": 0, ""expectedRewards"": 0, ""simulationMode"": [], ""rewards"": [], ""path"": [""0""], ""rt"": [], ""delays"": [], ""actions"": [], ""actionTimes"": [], ""queries"": {""preselect"": {""state"": {""target"": [], ""time"": []}, ""clickable"": {""target"": [], ""time"": []}}, ""click"": {""state"": {""target"": [""10"", ""11"", ""12""], ""time"": [3443, 6535, 7660]}, ""edge"": {""target"": [], ""time"": []}, ""clickable"": {""target"": [true, true, true], ""time"": [3444, 6536, 7661]}}, ""flowchart"": {""index"": {""target"": [], ""time"": []}, ""answer"": {""target"": [], ""time"": []}, ""correct"": {""target"": [], ""time"": []}, ""answer_stats"": {""total"": [], ""correct"": []}}, ""quiz_selection"": {""gt"": [], ""answer"": [], ""tp"": [], ""fp"": [], ""tn"": [], ""fn"": [], ""num_tp"": 0, ""num_fp"": 0, ""num_tn"": 0, ""num_fn"": 0}, ""mouseover"": {""state"": {""target"": [], ""time"": []}, ""edge"": {""target"": [], ""time"": []}}, ""mouseout"": {""state"": {""target"": [], ""time"": []}, ""edge"": {""target"": [], ""time"": []}}}, ""trialTime"": 13244, ""trial_type"": ""mouselab-mdp"", ""trial_index"": 14, ""time_elapsed"": 449380, ""internal_node_id"": ""0.0-4.0-1.0-6.0""}, {""stateRewards"": ["""", -10, 5, 5, -5, -5, 5, 10, -10, -5, -5, -10, 10], ""trial_id"": 53, ""block"": ""testing"", ""trialIndex"": 8, ""score"": -4, ""expectedScore"": 0, ""expectedRewards"": 0, ""simulationMode"": [], ""rewards"": [], ""path"": [""0""], ""rt"": [], ""delays"": [], ""actions"": [], ""actionTimes"": [], ""queries"": {""preselect"": {""state"": {""target"": [], ""time"": []}, ""clickable"": {""target"": [], ""time"": []}}, ""click"": {""state"": {""target"": [""5"", ""1"", ""9"", ""6""], ""time"": [6329, 15974, 17982, 21960]}, ""edge"": {""target"": [], ""time"": []}, ""clickable"": {""target"": [true, true, true, true], ""time"": [6330, 15974, 17983, 21961]}}, ""flowchart"": {""index"": {""target"": [], ""time"": []}, ""answer"": {""target"": [], ""time"": []}, ""correct"": {""target"": [], ""time"": []}, ""answer_stats"": {""total"": [], ""correct"": []}}, ""quiz_selection"": {""gt"": [], ""answer"": [], ""tp"": [], ""fp"": [], ""tn"": [], ""fn"": [], ""num_tp"": 0, ""num_fp"": 0, ""num_tn"": 0, ""num_fn"": 0}, ""mouseover"": {""state"": {""target"": [], ""time"": []}, ""edge"": {""target"": [], ""time"": []}}, ""mouseout"": {""state"": {""target"": [], ""time"": []}, ""edge"": {""target"": [], ""time"": []}}}, ""trialTime"": 35080, ""trial_type"": ""mouselab-mdp"", ""trial_index"": 15, ""time_elapsed"": 485652, ""internal_node_id"": ""0.0-4.0-1.0-7.0""}, {""stateRewards"": ["""", -5, 10, 10, 5, 5, -5, 5, -10, 5, -5, -5, -5], ""trial_id"": 30, ""block"": ""testing"", ""trialIndex"": 9, ""score"": -5, ""expectedScore"": 0, ""expectedRewards"": 0, ""simulationMode"": [], ""rewards"": [], ""path"": [""0""], ""rt"": [], ""delays"": [], ""actions"": [], ""actionTimes"": [], ""queries"": {""preselect"": {""state"": {""target"": [], ""time"": []}, ""clickable"": {""target"": [], ""time"": []}}, ""click"": {""state"": {""target"": [""10"", ""6"", ""2"", ""4"", ""3""], ""time"": [1605, 4866, 6343, 12204, 14225]}, ""edge"": {""target"": [], ""time"": []}, ""clickable"": {""target"": [true, true, true, true, true], ""time"": [1605, 4866, 6344, 12204, 14225]}}, ""flowchart"": {""index"": {""target"": [], ""time"": []}, ""answer"": {""target"": [], ""time"": []}, ""correct"": {""target"": [], ""time"": []}, ""answer_stats"": {""total"": [], ""correct"": []}}, ""quiz_selection"": {""gt"": [], ""answer"": [], ""tp"": [], ""fp"": [], ""tn"": [], ""fn"": [], ""num_tp"": 0, ""num_fp"": 0, ""num_tn"": 0, ""num_fn"": 0}, ""mouseover"": {""state"": {""target"": [], ""time"": []}, ""edge"": {""target"": [], ""time"": []}}, ""mouseout"": {""state"": {""target"": [], ""time"": []}, ""edge"": {""target"": [], ""time"": []}}}, ""trialTime"": 19969, ""trial_type"": ""mouselab-mdp"", ""trial_index"": 16, ""time_elapsed"": 506812, ""internal_node_id"": ""0.0-4.0-1.0-8.0""}, {""stateRewards"": ["""", 10, -5, -5, 10, 5, -5, -10, 10, 5, 10, -5, 10], ""trial_id"": 10, ""block"": ""testing"", ""trialIndex"": 10, ""score"": -6, ""expectedScore"": 0, ""expectedRewards"": 0, ""simulationMode"": [], ""rewards"": [], ""path"": [""0""], ""rt"": [], ""delays"": [], ""actions"": [], ""actionTimes"": [], ""queries"": {""preselect"": {""state"": {""target"": [], ""time"": []}, ""clickable"": {""target"": [], ""time"": []}}, ""click"": {""state"": {""target"": [""2"", ""5"", ""6"", ""10"", ""12"", ""11""], ""time"": [5549, 7033, 9611, 12365, 15236, 15978]}, ""edge"": {""target"": [], ""time"": []}, ""clickable"": {""target"": [true, true, true, true, true, true], ""time"": [5550, 7033, 9611, 12366, 15237, 15979]}}, ""flowchart"": {""index"": {""target"": [], ""time"": []}, ""answer"": {""target"": [], ""time"": []}, ""correct"": {""target"": [], ""time"": []}, ""answer_stats"": {""total"": [], ""correct"": []}}, ""quiz_selection"": {""gt"": [], ""answer"": [], ""tp"": [], ""fp"": [], ""tn"": [], ""fn"": [], ""num_tp"": 0, ""num_fp"": 0, ""num_tn"": 0, ""num_fn"": 0}, ""mouseover"": {""state"": {""target"": [], ""time"": []}, ""edge"": {""target"": [], ""time"": []}}, ""mouseout"": {""state"": {""target"": [], ""time"": []}, ""edge"": {""target"": [], ""time"": []}}}, ""trialTime"": 21114, ""trial_type"": ""mouselab-mdp"", ""trial_index"": 17, ""time_elapsed"": 529116, ""internal_node_id"": ""0.0-4.0-1.0-9.0""}]"
41,1,instructions1,4,11.1,1,1,65,female,0,"[{""stateRewards"": ["""", 10, 5, 5, -10, -10, 10, 5, 5, 10, -5, -10, -10], ""trial_id"": 14, ""block"": ""testing"", ""trialIndex"": 1, ""score"": -3, ""expectedScore"": 0, ""expectedRewards"": 0, ""simulationMode"": [], ""rewards"": [], ""path"": [""0""], ""rt"": [], ""delays"": [], ""actions"": [], ""actionTimes"": [], ""queries"": {""preselect"": {""state"": {""target"": [], ""time"": []}, ""clickable"": {""target"": [], ""time"": []}}, ""click"": {""state"": {""target"": [""1"", ""3"", ""4""], ""time"": [11356, 19973, 22204]}, ""edge"": {""target"": [], ""time"": []}, ""clickable"": {""target"": [true, true, true], ""time"": [11362, 19979, 22215]}}, ""flowchart"": {""index"": {""target"": [], ""time"": []}, ""answer"": {""target"": [], ""time"": []}, ""correct"": {""target"": [], ""time"": []}, ""answer_stats"": {""total"": [], ""correct"": []}}, ""quiz_selection"": {""gt"": [], ""answer"": [], ""tp"": [], ""fp"": [], ""tn"": [], ""fn"": [], ""num_tp"": 0, ""num_fp"": 0, ""num_tn"": 0, ""num_fn"": 0}, ""mouseover"": {""state"": {""target"": [], ""time"": []}, ""edge"": {""target"": [], ""time"": []}}, ""mouseout"": {""state"": {""target"": [], ""time"": []}, ""edge"": {""target"": [], ""time"": []}}}, ""trialTime"": 33321, ""trial_type"": ""mouselab-mdp"", ""trial_index"": 8, ""time_elapsed"": 340309, ""internal_node_id"": ""0.0-4.0-1.0-0.0""}, {""stateRewards"": ["""", 10, -5, 5, 10, 5, -5, -5, 5, -10, 10, 5, 10], ""trial_id"": 44, ""block"": ""testing"", ""trialIndex"": 2, ""score"": -3, ""expectedScore"": 0, ""expectedRewards"": 0, ""simulationMode"": [], ""rewards"": [], ""path"": [""0""], ""rt"": [], ""delays"": [], ""actions"": [], ""actionTimes"": [], ""queries"": {""preselect"": {""state"": {""target"": [], ""time"": []}, ""clickable"": {""target"": [], ""time"": []}}, ""click"": {""state"": {""target"": [""1"", ""3"", ""4""], ""time"": [11328, 19216, 21385]}, ""edge"": {""target"": [], ""time"": []}, ""clickable"": {""target"": [true, true, true], ""time"": [11338, 19228, 21394]}}, ""flowchart"": {""index"": {""target"": [], ""time"": []}, ""answer"": {""target"": [], ""time"": []}, ""correct"": {""target"": [], ""time"": []}, ""answer_stats"": {""total"": [], ""correct"": []}}, ""quiz_selection"": {""gt"": [], ""answer"": [], ""tp"": [], ""fp"": [], ""tn"": [], ""fn"": [], ""num_tp"": 0, ""num_fp"": 0, ""num_tn"": 0, ""num_fn"": 0}, ""mouseover"": {""state"": {""target"": [], ""time"": []}, ""edge"": {""target"": [], ""time"": []}}, ""mouseout"": {""state"": {""target"": [], ""time"": []}, ""edge"": {""target"": [], ""time"": []}}}, ""trialTime"": 30749, ""trial_type"": ""mouselab-mdp"", ""trial_index"": 9, ""time_elapsed"": 373118, ""internal_node_id"": ""0.0-4.0-1.0-1.0""}, {""stateRewards"": ["""", -5, -10, 5, 10, 5, -10, -10, 10, -10, 5, -5, -5], ""trial_id"": 3, ""block"": ""testing"", ""trialIndex"": 3, ""score"": -5, ""expectedScore"": 0, ""expectedRewards"": 0, ""simulationMode"": [], ""rewards"": [], ""path"": [""0""], ""rt"": [], ""delays"": [], ""actions"": [], ""actionTimes"": [], ""queries"": {""preselect"": {""state"": {""target"": [], ""time"": []}, ""clickable"": {""target"": [], ""time"": []}}, ""click"": {""state"": {""target"": [""1"", ""5"", ""6"", ""9"", ""2""], ""time"": [6787, 9778, 12273, 17215, 20512]}, ""edge"": {""target"": [], ""time"": []}, ""clickable"": {""target"": [true, true, true, true, true], ""time"": [6795, 9792, 12281, 17222, 20523]}}, ""flowchart"": {""index"": {""target"": [], ""time"": []}, ""answer"": {""target"": [], ""time"": []}, ""correct"": {""target"": [], ""time"": []}, ""answer_stats"": {""total"": [], ""correct"": []}}, ""quiz_selection"": {""gt"": [], ""answer"": [], ""tp"": [], ""fp"": [], ""tn"": [], ""fn"": [], ""num_tp"": 0, ""num_fp"": 0, ""num_tn"": 0, ""num_fn"": 0}, ""mouseover"": {""state"": {""target"": [], ""time"": []}, ""edge"": {""target"": [], ""time"": []}}, ""mouseout"": {""state"": {""target"": [], ""time"": []}, ""edge"": {""target"": [], ""time"": []}}}, ""trialTime"": 57953, ""trial_type"": ""mouselab-mdp"", ""trial_index"": 10, ""time_elapsed"": 433323, ""internal_node_id"": ""0.0-4.0-1.0-2.0""}, {""stateRewards"": ["""", 5, 10, -10, -10, 5, -5, 5, -5, 5, -10, 5, -10], ""trial_id"": 21, ""block"": ""testing"", ""trialIndex"": 4, ""score"": -4, ""expectedScore"": 0, ""expectedRewards"": 0, ""simulationMode"": [], ""rewards"": [], ""path"": [""0""], ""rt"": [], ""delays"": [], ""actions"": [], ""actionTimes"": [], ""queries"": {""preselect"": {""state"": {""target"": [], ""time"": []}, ""clickable"": {""target"": [], ""time"": []}}, ""click"": {""state"": {""target"": [""1"", ""2"", ""3"", ""4""], ""time"": [4538, 7386, 11581, 13797]}, ""edge"": {""target"": [], ""time"": []}, ""clickable"": {""target"": [true, true, true, true], ""time"": [4544, 7394, 11587, 13806]}}, ""flowchart"": {""index"": {""target"": [], ""time"": []}, ""answer"": {""target"": [], ""time"": []}, ""correct"": {""target"": [], ""time"": []}, ""answer_stats"": {""total"": [], ""correct"": []}}, ""quiz_selection"": {""gt"": [], ""answer"": [], ""tp"": [], ""fp"": [], ""tn"": [], ""fn"": [], ""num_tp"": 0, ""num_fp"": 0, ""num_tn"": 0, ""num_fn"": 0}, ""mouseover"": {""state"": {""target"": [], ""time"": []}, ""edge"": {""target"": [], ""time"": []}}, ""mouseout"": {""state"": {""target"": [], ""time"": []}, ""edge"": {""target"": [], ""time"": []}}}, ""trialTime"": 25191, ""trial_type"": ""mouselab-mdp"", ""trial_index"": 11, ""time_elapsed"": 461128, ""internal_node_id"": ""0.0-4.0-1.0-3.0""}, {""stateRewards"": ["""", 10, 5, -5, -5, 5, 5, 10, 10, 5, -5, -5, -5], ""trial_id"": 56, ""block"": ""testing"", ""trialIndex"": 5, ""score"": -3, ""expectedScore"": 0, ""expectedRewards"": 0, ""simulationMode"": [], ""rewards"": [], ""path"": [""0""], ""rt"": [], ""delays"": [], ""actions"": [], ""actionTimes"": [], ""queries"": {""preselect"": {""state"": {""target"": [], ""time"": []}, ""clickable"": {""target"": [], ""time"": []}}, ""click"": {""state"": {""target"": [""1"", ""3"", ""4""], ""time"": [7380, 11102, 12687]}, ""edge"": {""target"": [], ""time"": []}, ""clickable"": {""target"": [true, true, true], ""time"": [7386, 11107, 12693]}}, ""flowchart"": {""index"": {""target"": [], ""time"": []}, ""answer"": {""target"": [], ""time"": []}, ""correct"": {""target"": [], ""time"": []}, ""answer_stats"": {""total"": [], ""correct"": []}}, ""quiz_selection"": {""gt"": [], ""answer"": [], ""tp"": [], ""fp"": [], ""tn"": [], ""fn"": [], ""num_tp"": 0, ""num_fp"": 0, ""num_tn"": 0, ""num_fn"": 0}, ""mouseover"": {""state"": {""target"": [], ""time"": []}, ""edge"": {""target"": [], ""time"": []}}, ""mouseout"": {""state"": {""target"": [], ""time"": []}, ""edge"": {""target"": [], ""time"": []}}}, ""trialTime"": 20700, ""trial_type"": ""mouselab-mdp"", ""trial_index"": 12, ""time_elapsed"": 484001, ""internal_node_id"": ""0.0-4.0-1.0-4.0""}, {""stateRewards"": ["""", 10, 5, 5, 10, 10, 10, 5, -5, 5, 10, 5, 5], ""trial_id"": 28, ""block"": ""testing"", ""trialIndex"": 6, ""score"": -4, ""expectedScore"": 0, ""expectedRewards"": 0, ""simulationMode"": [], ""rewards"": [], ""path"": [""0""], ""rt"": [], ""delays"": [], ""actions"": [], ""actionTimes"": [], ""queries"": {""preselect"": {""state"": {""target"": [], ""time"": []}, ""clickable"": {""target"": [], ""time"": []}}, ""click"": {""state"": {""target"": [""9"", ""10"", ""12"", ""11""], ""time"": [4202, 6642, 9330, 10658]}, ""edge"": {""target"": [], ""time"": []}, ""clickable"": {""target"": [true, true, true, true], ""time"": [4207, 6648, 9336, 10666]}}, ""flowchart"": {""index"": {""target"": [], ""time"": []}, ""answer"": {""target"": [], ""time"": []}, ""correct"": {""target"": [], ""time"": []}, ""answer_stats"": {""total"": [], ""correct"": []}}, ""quiz_selection"": {""gt"": [], ""answer"": [], ""tp"": [], ""fp"": [], ""tn"": [], ""fn"": [], ""num_tp"": 0, ""num_fp"": 0, ""num_tn"": 0, ""num_fn"": 0}, ""mouseover"": {""state"": {""target"": [], ""time"": []}, ""edge"": {""target"": [], ""time"": []}}, ""mouseout"": {""state"": {""target"": [], ""time"": []}, ""edge"": {""target"": [], ""time"": []}}}, ""trialTime"": 16367, ""trial_type"": ""mouselab-mdp"", ""trial_index"": 13, ""time_elapsed"": 502560, ""internal_node_id"": ""0.0-4.0-1.0-5.0""}, {""stateRewards"": ["""", 5, 10, 5, 10, -10, 10, -10, -10, -5, -10, -10, 10], ""trial_id"": 13, ""block"": ""testing"", ""trialIndex"": 7, ""score"": -5, ""expectedScore"": 0, ""expectedRewards"": 0, ""simulationMode"": [], ""rewards"": [], ""path"": [""0""], ""rt"": [], ""delays"": [], ""actions"": [], ""actionTimes"": [], ""queries"": {""preselect"": {""state"": {""target"": [], ""time"": []}, ""clickable"": {""target"": [], ""time"": []}}, ""click"": {""state"": {""target"": [""5"", ""9"", ""2"", ""3"", ""4""], ""time"": [3402, 5927, 8731, 11852, 13302]}, ""edge"": {""target"": [], ""time"": []}, ""clickable"": {""target"": [true, true, true, true, true], ""time"": [3408, 5933, 8737, 11857, 13307]}}, ""flowchart"": {""index"": {""target"": [], ""time"": []}, ""answer"": {""target"": [], ""time"": []}, ""correct"": {""target"": [], ""time"": []}, ""answer_stats"": {""total"": [], ""correct"": []}}, ""quiz_selection"": {""gt"": [], ""answer"": [], ""tp"": [], ""fp"": [], ""tn"": [], ""fn"": [], ""num_tp"": 0, ""num_fp"": 0, ""num_tn"": 0, ""num_fn"": 0}, ""mouseover"": {""state"": {""target"": [], ""time"": []}, ""edge"": {""target"": [], ""time"": []}}, ""mouseout"": {""state"": {""target"": [], ""time"": []}, ""edge"": {""target"": [], ""time"": []}}}, ""trialTime"": 19487, ""trial_type"": ""mouselab-mdp"", ""trial_index"": 14, ""time_elapsed"": 524097, ""internal_node_id"": ""0.0-4.0-1.0-6.0""}, {""stateRewards"": ["""", 10, -10, 10, -5, 10, 5, 5, -5, 10, -5, -10, -10], ""trial_id"": 0, ""block"": ""testing"", ""trialIndex"": 8, ""score"": -5, ""expectedScore"": 0, ""expectedRewards"": 0, ""simulationMode"": [], ""rewards"": [], ""path"": [""0""], ""rt"": [], ""delays"": [], ""actions"": [], ""actionTimes"": [], ""queries"": {""preselect"": {""state"": {""target"": [], ""time"": []}, ""clickable"": {""target"": [], ""time"": []}}, ""click"": {""state"": {""target"": [""2"", ""10"", ""5"", ""7"", ""8""], ""time"": [4357, 6247, 9037, 12998, 13903]}, ""edge"": {""target"": [], ""time"": []}, ""clickable"": {""target"": [true, true, true, true, true], ""time"": [4362, 6258, 9043, 13006, 13909]}}, ""flowchart"": {""index"": {""target"": [], ""time"": []}, ""answer"": {""target"": [], ""time"": []}, ""correct"": {""target"": [], ""time"": []}, ""answer_stats"": {""total"": [], ""correct"": []}}, ""quiz_selection"": {""gt"": [], ""answer"": [], ""tp"": [], ""fp"": [], ""tn"": [], ""fn"": [], ""num_tp"": 0, ""num_fp"": 0, ""num_tn"": 0, ""num_fn"": 0}, ""mouseover"": {""state"": {""target"": [], ""time"": []}, ""edge"": {""target"": [], ""time"": []}}, ""mouseout"": {""state"": {""target"": [], ""time"": []}, ""edge"": {""target"": [], ""time"": []}}}, ""trialTime"": 19586, ""trial_type"": ""mouselab-mdp"", ""trial_index"": 15, ""time_elapsed"": 545682, ""internal_node_id"": ""0.0-4.0-1.0-7.0""}, {""stateRewards"": ["""", 10, 10, -5, -5, 10, -5, 5, 10, -10, -5, 10, -5], ""trial_id"": 33, ""block"": ""testing"", ""trialIndex"": 9, ""score"": -3, ""expectedScore"": 0, ""expectedRewards"": 0, ""simulationMode"": [], ""rewards"": [], ""path"": [""0""], ""rt"": [], ""delays"": [], ""actions"": [], ""actionTimes"": [], ""queries"": {""preselect"": {""state"": {""target"": [], ""time"": []}, ""clickable"": {""target"": [], ""time"": []}}, ""click"": {""state"": {""target"": [""5"", ""7"", ""8""], ""time"": [4188, 9540, 10690]}, ""edge"": {""target"": [], ""time"": []}, ""clickable"": {""target"": [true, true, true], ""time"": [4200, 9546, 10695]}}, ""flowchart"": {""index"": {""target"": [], ""time"": []}, ""answer"": {""target"": [], ""time"": []}, ""correct"": {""target"": [], ""time"": []}, ""answer_stats"": {""total"": [], ""correct"": []}}, ""quiz_selection"": {""gt"": [], ""answer"": [], ""tp"": [], ""fp"": [], ""tn"": [], ""fn"": [], ""num_tp"": 0, ""num_fp"": 0, ""num_tn"": 0, ""num_fn"": 0}, ""mouseover"": {""state"": {""target"": [], ""time"": []}, ""edge"": {""target"": [], ""time"": []}}, ""mouseout"": {""state"": {""target"": [], ""time"": []}, ""edge"": {""target"": [], ""time"": []}}}, ""trialTime"": 15326, ""trial_type"": ""mouselab-mdp"", ""trial_index"": 16, ""time_elapsed"": 563018, ""internal_node_id"": ""0.0-4.0-1.0-8.0""}, {""stateRewards"": ["""", -5, 10, -10, -10, 5, 5, -5, 5, 10, 5, -5, -5], ""trial_id"": 55, ""block"": ""testing"", ""trialIndex"": 10, ""score"": -3, ""expectedScore"": 0, ""expectedRewards"": 0, ""simulationMode"": [], ""rewards"": [], ""path"": [""0""], ""rt"": [], ""delays"": [], ""actions"": [], ""actionTimes"": [], ""queries"": {""preselect"": {""state"": {""target"": [], ""time"": []}, ""clickable"": {""target"": [], ""time"": []}}, ""click"": {""state"": {""target"": [""9"", ""11"", ""12""], ""time"": [4039, 7917, 9292]}, ""edge"": {""target"": [], ""time"": []}, ""clickable"": {""target"": [true, true, true], ""time"": [4045, 7922, 9298]}}, ""flowchart"": {""index"": {""target"": [], ""time"": []}, ""answer"": {""target"": [], ""time"": []}, ""correct"": {""target"": [], ""time"": []}, ""answer_stats"": {""total"": [], ""correct"": []}}, ""quiz_selection"": {""gt"": [], ""answer"": [], ""tp"": [], ""fp"": [], ""tn"": [], ""fn"": [], ""num_tp"": 0, ""num_fp"": 0, ""num_tn"": 0, ""num_fn"": 0}, ""mouseover"": {""state"": {""target"": [], ""time"": []}, ""edge"": {""target"": [], ""time"": []}}, ""mouseout"": {""state"": {""target"": [], ""time"": []}, ""edge"": {""target"": [], ""time"": []}}}, ""trialTime"": 17881, ""trial_type"": ""mouselab-mdp"", ""trial_index"": 17, ""time_elapsed"": 582995, ""internal_node_id"": ""0.0-4.0-1.0-9.0""}]"
42,1,instructions1,4,15.3,1,1,37,Male,0,"[{""stateRewards"": ["""", 10, 5, -5, 5, -10, -10, 10, 10, -10, 10, -10, 5], ""trial_id"": 29, ""block"": ""testing"", ""trialIndex"": 1, ""score"": -3, ""expectedScore"": 0, ""expectedRewards"": 0, ""simulationMode"": [], ""rewards"": [], ""path"": [""0""], ""rt"": [], ""delays"": [], ""actions"": [], ""actionTimes"": [], ""queries"": {""preselect"": {""state"": {""target"": [], ""time"": []}, ""clickable"": {""target"": [], ""time"": []}}, ""click"": {""state"": {""target"": [""1"", ""4"", ""3""], ""time"": [38511, 59465, 68274]}, ""edge"": {""target"": [], ""time"": []}, ""clickable"": {""target"": [true, true, true], ""time"": [38550, 59525, 68343]}}, ""flowchart"": {""index"": {""target"": [], ""time"": []}, ""answer"": {""target"": [], ""time"": []}, ""correct"": {""target"": [], ""time"": []}, ""answer_stats"": {""total"": [], ""correct"": []}}, ""quiz_selection"": {""gt"": [], ""answer"": [], ""tp"": [], ""fp"": [], ""tn"": [], ""fn"": [], ""num_tp"": 0, ""num_fp"": 0, ""num_tn"": 0, ""num_fn"": 0}, ""mouseover"": {""state"": {""target"": [], ""time"": []}, ""edge"": {""target"": [], ""time"": []}}, ""mouseout"": {""state"": {""target"": [], ""time"": []}, ""edge"": {""target"": [], ""time"": []}}}, ""trialTime"": 89359, ""trial_type"": ""mouselab-mdp"", ""trial_index"": 8, ""time_elapsed"": 487930, ""internal_node_id"": ""0.0-4.0-1.0-0.0""}, {""stateRewards"": ["""", -5, -10, 5, -5, 5, -10, 5, 10, -5, 10, -5, -5], ""trial_id"": 36, ""block"": ""testing"", ""trialIndex"": 2, ""score"": -7, ""expectedScore"": 0, ""expectedRewards"": 0, ""simulationMode"": [], ""rewards"": [], ""path"": [""0""], ""rt"": [], ""delays"": [], ""actions"": [], ""actionTimes"": [], ""queries"": {""preselect"": {""state"": {""target"": [], ""time"": []}, ""clickable"": {""target"": [], ""time"": []}}, ""click"": {""state"": {""target"": [""5"", ""6"", ""1"", ""9"", ""10"", ""11"", ""12""], ""time"": [26175, 31687, 38182, 40846, 42901, 61750, 63774]}, ""edge"": {""target"": [], ""time"": []}, ""clickable"": {""target"": [true, true, true, true, true, true, true], ""time"": [26229, 31735, 38237, 40900, 42958, 61810, 63819]}}, ""flowchart"": {""index"": {""target"": [], ""time"": []}, ""answer"": {""target"": [], ""time"": []}, ""correct"": {""target"": [], ""time"": []}, ""answer_stats"": {""total"": [], ""correct"": []}}, ""quiz_selection"": {""gt"": [], ""answer"": [], ""tp"": [], ""fp"": [], ""tn"": [], ""fn"": [], ""num_tp"": 0, ""num_fp"": 0, ""num_tn"": 0, ""num_fn"": 0}, ""mouseover"": {""state"": {""target"": [], ""time"": []}, ""edge"": {""target"": [], ""time"": []}}, ""mouseout"": {""state"": {""target"": [], ""time"": []}, ""edge"": {""target"": [], ""time"": []}}}, ""trialTime"": 69414, ""trial_type"": ""mouselab-mdp"", ""trial_index"": 9, ""time_elapsed"": 561131, ""internal_node_id"": ""0.0-4.0-1.0-1.0""}, {""stateRewards"": ["""", 10, -5, -10, 10, -10, 10, 5, -5, -5, -5, 10, -5], ""trial_id"": 31, ""block"": ""testing"", ""trialIndex"": 3, ""score"": -3, ""expectedScore"": 0, ""expectedRewards"": 0, ""simulationMode"": [], ""rewards"": [], ""path"": [""0""], ""rt"": [], ""delays"": [], ""actions"": [], ""actionTimes"": [], ""queries"": {""preselect"": {""state"": {""target"": [], ""time"": []}, ""clickable"": {""target"": [], ""time"": []}}, ""click"": {""state"": {""target"": [""1"", ""3"", ""4""], ""time"": [4410, 12741, 14395]}, ""edge"": {""target"": [], ""time"": []}, ""clickable"": {""target"": [true, true, true], ""time"": [4466, 12795, 14437]}}, ""flowchart"": {""index"": {""target"": [], ""time"": []}, ""answer"": {""target"": [], ""time"": []}, ""correct"": {""target"": [], ""time"": []}, ""answer_stats"": {""total"": [], ""correct"": []}}, ""quiz_selection"": {""gt"": [], ""answer"": [], ""tp"": [], ""fp"": [], ""tn"": [], ""fn"": [], ""num_tp"": 0, ""num_fp"": 0, ""num_tn"": 0, ""num_fn"": 0}, ""mouseover"": {""state"": {""target"": [], ""time"": []}, ""edge"": {""target"": [], ""time"": []}}, ""mouseout"": {""state"": {""target"": [], ""time"": []}, ""edge"": {""target"": [], ""time"": []}}}, ""trialTime"": 21364, ""trial_type"": ""mouselab-mdp"", ""trial_index"": 10, ""time_elapsed"": 586170, ""internal_node_id"": ""0.0-4.0-1.0-2.0""}, {""stateRewards"": ["""", 10, 5, 5, 10, 10, 10, 5, -5, 5, 10, 5, 5], ""trial_id"": 28, ""block"": ""testing"", ""trialIndex"": 4, ""score"": -3, ""expectedScore"": 0, ""expectedRewards"": 0, ""simulationMode"": [], ""rewards"": [], ""path"": [""0""], ""rt"": [], ""delays"": [], ""actions"": [], ""actionTimes"": [], ""queries"": {""preselect"": {""state"": {""target"": [], ""time"": []}, ""clickable"": {""target"": [], ""time"": []}}, ""click"": {""state"": {""target"": [""1"", ""3"", ""4""], ""time"": [5026, 9534, 11719]}, ""edge"": {""target"": [], ""time"": []}, ""clickable"": {""target"": [true, true, true], ""time"": [5076, 9581, 11777]}}, ""flowchart"": {""index"": {""target"": [], ""time"": []}, ""answer"": {""target"": [], ""time"": []}, ""correct"": {""target"": [], ""time"": []}, ""answer_stats"": {""total"": [], ""correct"": []}}, ""quiz_selection"": {""gt"": [], ""answer"": [], ""tp"": [], ""fp"": [], ""tn"": [], ""fn"": [], ""num_tp"": 0, ""num_fp"": 0, ""num_tn"": 0, ""num_fn"": 0}, ""mouseover"": {""state"": {""target"": [], ""time"": []}, ""edge"": {""target"": [], ""time"": []}}, ""mouseout"": {""state"": {""target"": [], ""time"": []}, ""edge"": {""target"": [], ""time"": []}}}, ""trialTime"": 19917, ""trial_type"": ""mouselab-mdp"", ""trial_index"": 11, ""time_elapsed"": 609250, ""internal_node_id"": ""0.0-4.0-1.0-3.0""}, {""stateRewards"": ["""", -5, -10, 5, 10, 5, -10, -5, 10, 10, -5, 10, 5], ""trial_id"": 52, ""block"": ""testing"", ""trialIndex"": 5, ""score"": -6, ""expectedScore"": 0, ""expectedRewards"": 0, ""simulationMode"": [], ""rewards"": [], ""path"": [""0""], ""rt"": [], ""delays"": [], ""actions"": [], ""actionTimes"": [], ""queries"": {""preselect"": {""state"": {""target"": [], ""time"": []}, ""clickable"": {""target"": [], ""time"": []}}, ""click"": {""state"": {""target"": [""1"", ""5"", ""6"", ""9"", ""11"", ""12""], ""time"": [3281, 7549, 9608, 11810, 16456, 18330]}, ""edge"": {""target"": [], ""time"": []}, ""clickable"": {""target"": [true, true, true, true, true, true], ""time"": [3329, 7588, 9657, 11871, 16518, 18388]}}, ""flowchart"": {""index"": {""target"": [], ""time"": []}, ""answer"": {""target"": [], ""time"": []}, ""correct"": {""target"": [], ""time"": []}, ""answer_stats"": {""total"": [], ""correct"": []}}, ""quiz_selection"": {""gt"": [], ""answer"": [], ""tp"": [], ""fp"": [], ""tn"": [], ""fn"": [], ""num_tp"": 0, ""num_fp"": 0, ""num_tn"": 0, ""num_fn"": 0}, ""mouseover"": {""state"": {""target"": [], ""time"": []}, ""edge"": {""target"": [], ""time"": []}}, ""mouseout"": {""state"": {""target"": [], ""time"": []}, ""edge"": {""target"": [], ""time"": []}}}, ""trialTime"": 22809, ""trial_type"": ""mouselab-mdp"", ""trial_index"": 12, ""time_elapsed"": 635187, ""internal_node_id"": ""0.0-4.0-1.0-4.0""}, {""stateRewards"": ["""", 5, -10, 5, -5, 10, 10, 10, 10, 10, -10, -10, 5], ""trial_id"": 46, ""block"": ""testing"", ""trialIndex"": 6, ""score"": -5, ""expectedScore"": 0, ""expectedRewards"": 0, ""simulationMode"": [], ""rewards"": [], ""path"": [""0""], ""rt"": [], ""delays"": [], ""actions"": [], ""actionTimes"": [], ""queries"": {""preselect"": {""state"": {""target"": [], ""time"": []}, ""clickable"": {""target"": [], ""time"": []}}, ""click"": {""state"": {""target"": [""1"", ""2"", ""5"", ""7"", ""8""], ""time"": [2694, 4968, 7403, 12252, 13564]}, ""edge"": {""target"": [], ""time"": []}, ""clickable"": {""target"": [true, true, true, true, true], ""time"": [2741, 5029, 7469, 12291, 13618]}}, ""flowchart"": {""index"": {""target"": [], ""time"": []}, ""answer"": {""target"": [], ""time"": []}, ""correct"": {""target"": [], ""time"": []}, ""answer_stats"": {""total"": [], ""correct"": []}}, ""quiz_selection"": {""gt"": [], ""answer"": [], ""tp"": [], ""fp"": [], ""tn"": [], ""fn"": [], ""num_tp"": 0, ""num_fp"": 0, ""num_tn"": 0, ""num_fn"": 0}, ""mouseover"": {""state"": {""target"": [], ""time"": []}, ""edge"": {""target"": [], ""time"": []}}, ""mouseout"": {""state"": {""target"": [], ""time"": []}, ""edge"": {""target"": [], ""time"": []}}}, ""trialTime"": 18910, ""trial_type"": ""mouselab-mdp"", ""trial_index"": 13, ""time_elapsed"": 657386, ""internal_node_id"": ""0.0-4.0-1.0-5.0""}, {""stateRewards"": ["""", 10, 10, 10, 10, 5, 5, 10, 5, -5, 5, 5, 5], ""trial_id"": 18, ""block"": ""testing"", ""trialIndex"": 7, ""score"": -3, ""expectedScore"": 0, ""expectedRewards"": 0, ""simulationMode"": [], ""rewards"": [], ""path"": [""0""], ""rt"": [], ""delays"": [], ""actions"": [], ""actionTimes"": [], ""queries"": {""preselect"": {""state"": {""target"": [], ""time"": []}, ""clickable"": {""target"": [], ""time"": []}}, ""click"": {""state"": {""target"": [""1"", ""3"", ""4""], ""time"": [2122, 6801, 8037]}, ""edge"": {""target"": [], ""time"": []}, ""clickable"": {""target"": [true, true, true], ""time"": [2171, 6839, 8107]}}, ""flowchart"": {""index"": {""target"": [], ""time"": []}, ""answer"": {""target"": [], ""time"": []}, ""correct"": {""target"": [], ""time"": []}, ""answer_stats"": {""total"": [], ""correct"": []}}, ""quiz_selection"": {""gt"": [], ""answer"": [], ""tp"": [], ""fp"": [], ""tn"": [], ""fn"": [], ""num_tp"": 0, ""num_fp"": 0, ""num_tn"": 0, ""num_fn"": 0}, ""mouseover"": {""state"": {""target"": [], ""time"": []}, ""edge"": {""target"": [], ""time"": []}}, ""mouseout"": {""state"": {""target"": [], ""time"": []}, ""edge"": {""target"": [], ""time"": []}}}, ""trialTime"": 12534, ""trial_type"": ""mouselab-mdp"", ""trial_index"": 14, ""time_elapsed"": 673161, ""internal_node_id"": ""0.0-4.0-1.0-6.0""}, {""stateRewards"": ["""", -5, 5, -10, 5, -5, -5, 5, -5, 5, -10, 10, 5], ""trial_id"": 45, ""block"": ""testing"", ""trialIndex"": 8, ""score"": -6, ""expectedScore"": 0, ""expectedRewards"": 0, ""simulationMode"": [], ""rewards"": [], ""path"": [""0""], ""rt"": [], ""delays"": [], ""actions"": [], ""actionTimes"": [], ""queries"": {""preselect"": {""state"": {""target"": [], ""time"": []}, ""clickable"": {""target"": [], ""time"": []}}, ""click"": {""state"": {""target"": [""1"", ""5"", ""9"", ""10"", ""2"", ""6""], ""time"": [1791, 3610, 5326, 7163, 9708, 40865]}, ""edge"": {""target"": [], ""time"": []}, ""clickable"": {""target"": [true, true, true, true, true, false], ""time"": [1848, 3675, 5375, 7211, 9776, 40911]}}, ""flowchart"": {""index"": {""target"": [], ""time"": []}, ""answer"": {""target"": [], ""time"": []}, ""correct"": {""target"": [], ""time"": []}, ""answer_stats"": {""total"": [], ""correct"": []}}, ""quiz_selection"": {""gt"": [], ""answer"": [], ""tp"": [], ""fp"": [], ""tn"": [], ""fn"": [], ""num_tp"": 0, ""num_fp"": 0, ""num_tn"": 0, ""num_fn"": 0}, ""mouseover"": {""state"": {""target"": [], ""time"": []}, ""edge"": {""target"": [], ""time"": []}}, ""mouseout"": {""state"": {""target"": [], ""time"": []}, ""edge"": {""target"": [], ""time"": []}}}, ""trialTime"": 55574, ""trial_type"": ""mouselab-mdp"", ""trial_index"": 15, ""time_elapsed"": 731947, ""internal_node_id"": ""0.0-4.0-1.0-7.0""}, {""stateRewards"": ["""", -5, 10, 10, 5, 5, -5, 5, -10, 5, -5, -5, -5], ""trial_id"": 30, ""block"": ""testing"", ""trialIndex"": 9, ""score"": -5, ""expectedScore"": 0, ""expectedRewards"": 0, ""simulationMode"": [], ""rewards"": [], ""path"": [""0""], ""rt"": [], ""delays"": [], ""actions"": [], ""actionTimes"": [], ""queries"": {""preselect"": {""state"": {""target"": [], ""time"": []}, ""clickable"": {""target"": [], ""time"": []}}, ""click"": {""state"": {""target"": [""1"", ""9"", ""10"", ""5"", ""6""], ""time"": [11565, 17567, 20753, 23222, 31670]}, ""edge"": {""target"": [], ""time"": []}, ""clickable"": {""target"": [true, true, true, true, true], ""time"": [11615, 17624, 20797, 23272, 31722]}}, ""flowchart"": {""index"": {""target"": [], ""time"": []}, ""answer"": {""target"": [], ""time"": []}, ""correct"": {""target"": [], ""time"": []}, ""answer_stats"": {""total"": [], ""correct"": []}}, ""quiz_selection"": {""gt"": [], ""answer"": [], ""tp"": [], ""fp"": [], ""tn"": [], ""fn"": [], ""num_tp"": 0, ""num_fp"": 0, ""num_tn"": 0, ""num_fn"": 0}, ""mouseover"": {""state"": {""target"": [], ""time"": []}, ""edge"": {""target"": [], ""time"": []}}, ""mouseout"": {""state"": {""target"": [], ""time"": []}, ""edge"": {""target"": [], ""time"": []}}}, ""trialTime"": 51834, ""trial_type"": ""mouselab-mdp"", ""trial_index"": 16, ""time_elapsed"": 787050, ""internal_node_id"": ""0.0-4.0-1.0-8.0""}, {""stateRewards"": ["""", 10, -5, 5, -5, 10, 5, 10, 5, -10, -10, 5, -10], ""trial_id"": 11, ""block"": ""testing"", ""trialIndex"": 10, ""score"": -3, ""expectedScore"": 0, ""expectedRewards"": 0, ""simulationMode"": [], ""rewards"": [], ""path"": [""0""], ""rt"": [], ""delays"": [], ""actions"": [], ""actionTimes"": [], ""queries"": {""preselect"": {""state"": {""target"": [], ""time"": []}, ""clickable"": {""target"": [], ""time"": []}}, ""click"": {""state"": {""target"": [""1"", ""3"", ""4""], ""time"": [5185, 9421, 10739]}, ""edge"": {""target"": [], ""time"": []}, ""clickable"": {""target"": [true, true, true], ""time"": [5241, 9474, 10797]}}, ""flowchart"": {""index"": {""target"": [], ""time"": []}, ""answer"": {""target"": [], ""time"": []}, ""correct"": {""target"": [], ""time"": []}, ""answer_stats"": {""total"": [], ""correct"": []}}, ""quiz_selection"": {""gt"": [], ""answer"": [], ""tp"": [], ""fp"": [], ""tn"": [], ""fn"": [], ""num_tp"": 0, ""num_fp"": 0, ""num_tn"": 0, ""num_fn"": 0}, ""mouseover"": {""state"": {""target"": [], ""time"": []}, ""edge"": {""target"": [], ""time"": []}}, ""mouseout"": {""state"": {""target"": [], ""time"": []}, ""edge"": {""target"": [], ""time"": []}}}, ""trialTime"": 16470, ""trial_type"": ""mouselab-mdp"", ""trial_index"": 17, ""time_elapsed"": 806706, ""internal_node_id"": ""0.0-4.0-1.0-9.0""}]"
